WORKING
sfondo_multi.jpg
vortex 20
381
12.30
387 001 493
386-382 001 493
381 001 494
380-322 001 493
321-317 004 000
316-013 001 490
012-011 004 000
010-002 001 493
001 001 494
000 001 493
0013
13 0003
obj -0010 -0001 13000 4086 spdx2 05 03 05
obj 00000 -0001 13000 4087 spdx2 05 03 05
obj 00010 -0001 13000 4088 spdx2 05 03 05
12 0006
obj -0015 00010 12803 2240 mover 04 04 04 du -0006 002
obj -0005 00010 12801 2241 mover 04 04 04 du -0006 003
obj 00005 00010 12802 2242 mover 04 04 04 du -0006 002
obj 00015 00010 12800 2243 mover 04 04 04 du -0006 004
obj 00010 -0001 12110 4089 spdx2 05 03 05
obj -0010 -0001 12110 4024 spdx3 05 03 05
11 0002
obj -0010 -0001 11110 4090 spdx2 05 03 05
obj 00010 -0001 11110 4025 spdx3 05 03 05
10 0002
obj -0010 -0001 10110 4091 spdx2 05 03 05
obj 00010 -0001 10110 4026 spdx3 05 03 05
09 0002
obj 00010 -0001 09110 4092 spdx2 05 03 05
obj -0010 -0001 09110 4027 spdx3 05 03 05
08 0002
obj -0010 -0001 08110 4093 spdx2 05 03 05
obj 00010 -0001 08110 4028 spdx3 05 03 05
07 0002
obj 00010 -0001 07110 4094 spdx2 05 03 05
obj -0010 -0001 07110 4029 spdx3 05 03 05
06 0003
obj 00010 00004 06600 2215 still 10 06 02
obj -0010 -0001 06110 4095 spdx2 05 03 05
obj 00010 -0001 06110 4030 spdx3 05 03 05
05 0002
obj 00010 00004 05600 2216 still 10 06 02
obj -0010 00004 05000 2217 still 10 06 02
04 0003
obj -0010 -0001 04110 4096 spdx2 05 03 05
obj 00000 -0001 04110 4097 spdx2 05 03 05
obj 00010 -0001 04110 4098 spdx2 05 03 05
03 0012
obj 00000 00000 03100 2244 scena
obj 00000 00000 03278 2245 scena
obj 00000 00000 03456 2246 scena
obj 00000 00000 03634 2247 scena
obj 00000 00000 03812 2248 scena
obj 00000 00000 03990 2249 scena
obj -0013 00010 03220 2251 mover 06 06 06 du 00003 001
obj 00000 00010 03320 2252 mover 06 06 06 du 00003 002
obj 00013 00010 03420 2253 mover 06 06 06 du 00003 001
obj 00000 00010 03520 2255 mover 06 06 06 du 00003 001
obj 00013 00010 03620 2256 mover 06 06 06 du 00003 002
obj -0013 00010 03720 2257 mover 06 06 06 du 00003 002
01 0002
obj 00010 00004 01500 2218 still 10 06 02
obj 00000 00004 01600 2219 still 10 06 02
00 0001
obj 00010 -0001 00720 4099 spdx2 05 03 05
