WORKING
sfondo_multi.jpg
vortex 09
681
12.30
687 001 497
686-682 001 497
681 001 498
680-677 001 497
676-659 001 497
658-646 001 497
645-642 004 000
641-621 001 497
620-571 010 488
570-567 001 497
566-564 001 497
563-560 004 000
559-547 001 497
546-534 001 497
533-530 004 000
529-506 001 497
505-488 001 497
487-484 004 000
483-350 001 497
349-217 001 497
216-108 010 488
107-085 001 497
084-069 001 497
068-065 004 000
064-057 001 497
056-033 001 497
032-002 001 497
001 001 498
000 001 497
0026
26 0004
obj 00010 -0001 26960 4031 spdx2 05 03 05
obj -0010 00004 26580 2300 mover 10 06 02 rl 00010 010
obj 00000 -0001 26800 4001 spdx3 05 03 05
obj 00010 00004 26080 2301 mover 10 06 02 lr -0010 010
24 0003
obj -0010 00004 24760 2302 still 10 06 02
obj 00010 00004 24400 2303 still 10 06 02
obj 00000 -0001 24360 4002 spdx3 05 03 05
23 0001
obj 00000 00004 23840 2304 still 10 06 02
22 0002
obj 00000 -0001 22880 4032 spdx2 05 03 05
obj -0010 00004 22160 2305 mover 10 06 02 rl 00010 010
21 0001
obj 00000 -0001 21000 4033 spdx2 05 03 05
20 0001
obj -0010 -0001 20320 4034 spdx2 05 03 05
19 0002
obj 00010 -0001 19120 4035 spdx2 05 03 05
obj 00000 -0001 19000 4036 spdx2 05 03 05
18 0002
obj 00010 00004 18520 2306 mover 10 06 02 lr -0010 010
obj 00010 -0001 18240 4037 spdx2 05 03 05
17 0002
obj 00010 -0001 17600 4038 spdx2 05 03 05
obj -0010 00004 17000 2307 mover 10 06 02 rl 00010 010
16 0001
obj 00010 00004 16720 2308 mover 10 06 02 lr -0010 010
15 0003
obj 00010 -0001 15320 4056 spdx2 05 03 05
obj 00010 00004 15880 2309 mover 10 06 02 lr -0010 010
obj -0010 00004 15600 2310 mover 10 06 02 rl 00010 010
14 0003
obj 00010 -0001 14840 4003 spdx3 05 03 05
obj 00010 -0001 14720 4004 spdx3 05 03 05
obj 00000 -0001 14020 4055 spdx2 05 03 05
13 0003
obj -0010 -0001 13520 4054 spdx2 05 03 05
obj 00010 -0001 13020 4053 spdx2 05 03 05
obj 00010 00004 13960 2311 mover 10 06 02 lr -0010 010
12 0003
obj -0010 00004 12520 2312 mover 10 06 02 rl 00010 010
obj -0010 00004 12360 2313 mover 10 06 02 rl 00010 010
obj 00010 00004 12280 2314 mover 10 06 02 lr -0010 010
11 0003
obj -0010 00004 11920 2315 mover 10 06 02 rl 00010 010
obj -0010 -0001 11720 4039 spdx2 05 03 05
obj -0010 00004 11480 2316 mover 10 06 02 rl 00010 010
10 0001
obj -0010 00004 10480 2317 mover 10 06 02 rl 00010 010
09 0003
obj 00010 00004 09880 2318 mover 10 06 02 lr -0010 010
obj 00000 -0001 09840 4005 spdx3 05 03 05
obj -0010 00004 09080 2319 mover 10 06 02 rl 00010 010
08 0002
obj -0005 -0001 08480 4040 spdx2 05 03 05
obj 00005 -0001 08440 4041 spdx2 05 03 05
07 0003
obj 00000 -0001 07640 4006 spdx3 05 03 05
obj 00000 -0001 07560 4007 spdx3 05 03 05
obj 00000 -0001 07240 4042 spdx2 05 03 05
06 0002
obj 00010 00004 06240 2320 still 10 06 02
obj 00005 -0001 06020 4043 spdx2 05 03 05
05 0003
obj 00000 00004 05560 2321 still 10 06 02
obj 00005 -0001 05520 4008 spdx3 05 03 05
obj -0005 -0001 05440 4044 spdx2 05 03 05
04 0004
obj 00000 -0001 04800 4045 spdx2 05 03 05
obj 00000 -0001 04760 4009 spdx3 05 03 05
obj 00000 -0001 04680 4046 spdx2 05 03 05
obj 00010 -0001 04120 4047 spdx2 05 03 05
03 0004
obj 00010 -0001 03680 4010 spdx3 05 03 05
obj -0010 -0001 03600 4011 spdx3 05 03 05
obj 00000 -0001 03520 4012 spdx3 05 03 05
obj 00010 -0001 03160 4048 spdx2 05 03 05
02 0002
obj 00010 -0001 02400 4049 spdx2 05 03 05
obj 00010 00004 02160 2322 still 10 06 02
01 0003
obj -0010 00004 01880 2323 still 10 06 02
obj 00000 -0001 01400 4050 spdx2 05 03 05
obj -0010 -0001 01000 4051 spdx2 05 03 05
00 0001
obj 00010 -0001 00160 4052 spdx2 05 03 05
