WORKING
sfondo_multi.jpg
vortex 20
481
12.30
487 001 489
486-482 001 489
481 001 535
480-477 001 489
476-455 010 488
454-446 010 488
445-442 004 000
441-418 011 485
417-414 004 000
413 010 488
412-400 009 487
399-396 004 000
395 008 486
394-393 011 485
392-249 010 488
248-245 004 000
244-199 011 485
198-195 008 486
194-191 004 000
190-155 011 485
154-142 010 488
141-107 011 485
106-103 004 000
102-062 011 485
061-058 004 000
057-039 011 485
038-014 008 486
013-010 010 488
009-002 001 489
001 001 535
000 001 489
0020
19 0002
obj 00000 00004 19080 2300 still 10 06 02
obj 00000 00004 19040 2301 still 10 06 02
18 0003
obj 00000 -0001 18840 4031 spdx2 05 03 05
obj 00000 -0001 18520 4001 spdx3 05 03 05
obj 00000 -0001 18400 4032 spdx2 05 03 05
17 0002
obj -0015 -0001 17440 4002 spdx3 05 03 05
obj -0015 -0001 17200 4200 slowr 05 03 05
16 0005
obj -0015 00004 16880 2302 still 10 06 02
obj -0015 -0001 16720 4003 spdx3 05 03 05
obj 00010 -0001 16440 4201 slowr 05 03 05
obj 00010 00004 16160 2303 still 10 06 02
obj 00010 -0001 16120 4033 spdx2 05 03 05
15 0005
obj 00000 -0001 15680 4034 spdx2 05 03 05
obj 00000 -0001 15640 4004 spdx3 05 03 05
obj 00000 -0001 15120 4035 spdx2 05 03 05
obj 00000 -0001 15080 4202 slowr 05 03 05
obj 00000 -0001 15000 4036 spdx2 05 03 05
14 0001
obj 00000 00004 14200 2304 still 10 06 02
13 0005
obj 00000 -0001 13920 4005 spdx3 05 03 05
obj 00000 -0001 13560 4006 spdx3 05 03 05
obj 00000 -0001 13360 4007 spdx3 05 03 05
obj 00000 -0001 13240 4203 slowr 05 03 05
obj 00000 -0001 13080 4204 slowr 05 03 05
12 0003
obj 00000 -0001 12360 4037 spdx2 05 03 05
obj 00000 -0001 12080 4008 spdx3 05 03 05
obj 00000 00004 12040 2305 still 10 06 02
11 0004
obj 00000 00004 11840 2306 still 10 06 02
obj 00000 00004 11560 2307 still 10 06 02
obj 00000 -0001 11520 4038 spdx2 05 03 05
obj 00000 -0001 11320 4205 slowr 05 03 05
10 0002
obj 00000 -0001 10880 4206 slowr 05 03 05
obj 00000 -0001 10320 4039 spdx2 05 03 05
09 0003
obj -0015 -0001 09680 4009 spdx3 05 03 05
obj -0015 00004 09160 2308 still 10 06 02
obj 00015 -0001 09040 4040 spdx2 05 03 05
08 0003
obj -0015 -0001 08680 4041 spdx2 05 03 05
obj -0015 -0001 08200 4207 slowr 05 03 05
obj -0015 -0001 08080 4208 slowr 05 03 05
07 0002
obj -0010 -0001 07880 4042 spdx2 05 03 05
obj -0015 -0001 07040 4209 slowr 05 03 05
06 0002
obj -0015 -0001 06200 4043 spdx2 05 03 05
obj 00000 00004 06000 2309 still 10 06 02
05 0002
obj 00000 -0001 05880 4210 slowr 05 03 05
obj 00015 00004 05520 2310 still 10 06 02
04 0004
obj 00015 -0001 04800 4044 spdx2 05 03 05
obj 00015 -0001 04480 4045 spdx2 05 03 05
obj -0015 -0001 04440 4211 slowr 05 03 05
obj 00015 -0001 04280 4046 spdx2 05 03 05
03 0003
obj -0015 -0001 03960 4047 spdx2 05 03 05
obj 00015 -0001 03840 4048 spdx2 05 03 05
obj -0015 -0001 03560 4049 spdx2 05 03 05
02 0002
obj 00015 -0001 02600 4050 spdx2 05 03 05
obj 00015 -0001 02120 4010 spdx3 05 03 05
01 0002
obj -0010 -0001 01400 4051 spdx2 05 03 05
obj -0010 -0001 01200 4052 spdx2 05 03 05
00 0006
obj -0010 -0001 00960 4011 spdx3 05 03 05
obj -0010 -0001 00760 4053 spdx2 05 03 05
obj -0010 00004 00640 2311 still 10 06 02
obj -0010 -0001 00600 4212 slowr 05 03 05
obj -0010 -0001 00320 4012 spdx3 05 03 05
obj 00000 -0001 00120 4054 spdx2 05 03 05
