WORKING
sfondo_multi.jpg
vortex 20
781
12.30
787 001 489
786-782 001 489
781 001 535
780-771 001 489
770-751 001 489
750-722 001 489
721-718 004 000
717-706 001 489
705-695 008 486
694 001 489
693-690 004 000
689-586 001 489
585-542 008 486
541-538 001 489
537-534 004 000
533-528 010 488
527-472 001 489
471-468 004 000
467-462 001 489
461 004 000
460 010 521
459-395 008 486
394-391 004 000
390-322 001 489
321-283 001 489
282-274 001 489
273-270 004 000
269 009 487
268-183 008 486
182-179 004 000
178-156 001 489
155-140 001 489
139-125 001 489
124-121 004 000
120-029 009 487
028-020 001 489
019-010 009 487
009-002 001 489
001 001 535
000 001 489
0029
31 0001
obj 00000 00004 31040 2300 still 10 06 02
29 0004
obj -0004 -0001 29760 4031 spdx2 05 03 05
obj -0004 -0001 29400 4032 spdx2 05 03 05
obj -0004 -0001 29360 4300 jumpr 05 03 05
obj -0012 -0001 29000 4033 spdx2 05 03 05
28 0003
obj -0004 -0001 28600 4034 spdx2 05 03 05
obj -0012 -0001 28520 4301 jumpr 05 03 05
obj -0004 -0001 28480 4302 jumpr 05 03 05
27 0002
obj -0004 00004 27320 2301 still 10 06 02
obj -0004 -0001 27120 4001 spdx3 05 03 05
26 0005
obj -0012 -0001 26360 4035 spdx2 05 03 05
obj -0004 -0001 26320 4002 spdx3 05 03 05
obj -0004 00004 26280 2302 still 10 06 02
obj -0012 -0001 26080 4003 spdx3 05 03 05
obj -0012 -0001 26000 4036 spdx2 05 03 05
25 0004
obj -0004 -0001 25920 4004 spdx3 05 03 05
obj -0012 -0001 25840 4303 jumpr 05 03 05
obj -0012 -0001 25400 4037 spdx2 05 03 05
obj -0012 00004 25120 2303 still 10 06 02
24 0003
obj -0004 -0001 24920 4304 jumpr 05 03 05
obj -0004 -0001 24520 4038 spdx2 05 03 05
obj -0004 -0001 24160 4305 jumpr 05 03 05
23 0005
obj -0004 00004 23600 2304 still 10 06 02
obj 00000 00004 23320 2305 still 10 06 02
obj -0010 -0001 23240 4039 spdx2 05 03 05
obj -0010 -0001 23200 4005 spdx3 05 03 05
obj -0010 -0001 23000 4306 jumpr 05 03 05
22 0004
obj -0010 00004 22920 2306 still 10 06 02
obj -0010 -0001 22800 4006 spdx3 05 03 05
obj -0010 -0001 22520 4307 jumpr 05 03 05
obj -0010 -0001 22480 4040 spdx2 05 03 05
21 0002
obj -0010 -0001 21760 4041 spdx2 05 03 05
obj 00004 00004 21520 2307 still 10 06 02
20 0004
obj 00004 -0001 20880 4042 spdx2 05 03 05
obj 00004 -0001 20840 4308 jumpr 05 03 05
obj 00012 -0001 20600 4309 jumpr 05 03 05
obj 00004 -0001 20240 4043 spdx2 05 03 05
19 0003
obj 00004 -0001 19680 4007 spdx3 05 03 05
obj 00004 -0001 19640 4044 spdx2 05 03 05
obj 00004 -0001 19080 4310 jumpr 05 03 05
18 0003
obj -0004 -0001 18520 4045 spdx2 05 03 05
obj -0010 -0001 18280 4046 spdx2 05 03 05
obj -0010 -0001 18120 4047 spdx2 05 03 05
16 0003
obj 00000 00004 16800 2308 still 10 06 02
obj -0010 -0001 16760 4048 spdx2 05 03 05
obj -0010 -0001 16280 4311 jumpr 05 03 05
15 0001
obj 00000 -0001 15440 4008 spdx3 05 03 05
14 0004
obj 00000 -0001 14800 4009 spdx3 05 03 05
obj 00010 00004 14560 2309 still 10 06 02
obj 00000 -0001 14320 4049 spdx2 05 03 05
obj 00000 00004 14280 2310 still 10 06 02
13 0002
obj 00000 -0001 13760 4050 spdx2 05 03 05
obj -0010 00004 13480 2311 still 10 06 02
12 0003
obj 00000 00004 12760 2312 still 10 06 02
obj 00010 -0001 12520 4051 spdx2 05 03 05
obj 00010 -0001 12000 4052 spdx2 05 03 05
11 0002
obj -0010 -0001 11960 4312 jumpr 05 03 05
obj -0010 -0001 11680 4053 spdx2 05 03 05
10 0003
obj 00000 -0001 10960 4054 spdx2 05 03 05
obj 00010 -0001 10760 4055 spdx2 05 03 05
obj -0010 -0001 10520 4056 spdx2 05 03 05
08 0004
obj -0010 -0001 08880 4313 jumpr 05 03 05
obj -0010 -0001 08760 4057 spdx2 05 03 05
obj -0010 -0001 08680 4314 jumpr 05 03 05
obj -0010 -0001 08280 4058 spdx2 05 03 05
07 0002
obj -0010 -0001 07440 4059 spdx2 05 03 05
obj 00000 00004 07400 2313 still 10 06 02
06 0001
obj 00000 -0001 06760 4315 jumpr 05 03 05
05 0002
obj 00004 -0001 05320 4316 jumpr 05 03 05
obj 00004 -0001 05120 4010 spdx3 05 03 05
04 0002
obj 00010 -0001 04280 4060 spdx2 05 03 05
obj 00010 -0001 04120 4317 jumpr 05 03 05
03 0003
obj 00010 -0001 03960 4061 spdx2 05 03 05
obj 00000 00004 03320 2314 still 10 06 02
obj 00010 -0001 03160 4062 spdx2 05 03 05
02 0003
obj 00015 00004 02960 2315 still 10 06 02
obj 00010 -0001 02400 4063 spdx2 05 03 05
obj 00010 -0001 02240 4011 spdx3 05 03 05
01 0002
obj 00010 -0001 01680 4318 jumpr 05 03 05
obj 00010 -0001 01600 4064 spdx2 05 03 05
00 0003
obj 00000 -0001 00880 4065 spdx2 05 03 05
obj 00010 -0001 00760 4066 spdx2 05 03 05
obj 00010 -0001 00080 4067 spdx2 05 03 05
