WORKING
sfondo_multi.jpg
vortex 05
581
12.30
587 001 497
586-582 001 497
581 001 498
580-533 001 497
532-529 004 000
528-505 009 419
504-501 004 000
500-493 009 419
492-481 001 497
480-439 008 418
438-435 004 000
434-426 008 418
425-422 004 000
421-402 001 497
401-368 001 497
367-359 009 419
358-349 008 418
348-317 001 497
316-315 001 497
314-302 009 419
301-276 009 419
275-254 008 418
253-243 009 419
242-239 004 000
238-231 009 419
230-227 004 000
226-202 001 497
201-148 008 418
147-124 008 418
123-109 008 418
108-105 004 000
104-100 008 418
099-070 009 419
069-037 001 497
036-014 009 419
013-002 001 497
001 001 498
000 001 497
0018
22 0003
obj -0010 -0001 22960 4031 spdx2 05 03 05
obj 00000 -0001 22640 4032 spdx2 05 03 05
obj -0010 00004 22200 2300 still 10 06 02
20 0005
obj 00010 -0001 20960 4033 spdx2 05 03 05
obj 00010 -0001 20880 4034 spdx2 05 03 05
obj 00010 -0001 20840 4035 spdx2 05 03 05
obj 00010 00004 20600 2301 still 10 06 02
obj 00010 -0001 20560 4001 spdx3 05 03 05
19 0002
obj 00000 -0001 19360 4036 spdx2 05 03 05
obj -0010 00004 19240 2302 still 10 06 02
18 0005
obj -0010 -0001 18960 4037 spdx2 05 03 05
obj -0010 -0001 18440 4002 spdx3 05 03 05
obj -0010 -0001 18360 4003 spdx3 05 03 05
obj -0010 -0001 18120 4038 spdx2 05 03 05
obj -0010 -0001 18000 4004 spdx3 05 03 05
17 0001
obj -0010 00004 17840 2303 still 10 06 02
16 0001
obj -0010 -0001 16840 4005 spdx3 05 03 05
15 0001
obj 00000 -0001 15480 4039 spdx2 05 03 05
14 0005
obj 00010 -0001 14920 4040 spdx2 05 03 05
obj 00000 00004 14760 2304 still 10 06 02
obj 00010 -0001 14560 4041 spdx2 05 03 05
obj 00010 -0001 14440 4042 spdx2 05 03 05
obj -0010 -0001 14040 4006 spdx3 05 03 05
13 0003
obj 00000 -0001 13800 4043 spdx2 05 03 05
obj 00010 00004 13680 2305 still 10 06 02
obj 00000 00004 13560 2306 still 10 06 02
12 0002
obj 00010 -0001 12560 4007 spdx3 05 03 05
obj 00010 -0001 12480 4044 spdx2 05 03 05
11 0001
obj 00010 -0001 11360 4008 spdx3 05 03 05
08 0006
obj 00010 -0001 08960 4045 spdx2 05 03 05
obj 00000 -0001 08920 4046 spdx2 05 03 05
obj 00010 -0001 08840 4047 spdx2 05 03 05
obj -0010 00004 08520 2307 still 10 06 02
obj -0010 00004 08320 2308 still 10 06 02
obj -0010 00004 08000 2309 still 10 06 02
07 0002
obj -0010 -0001 07880 4009 spdx3 05 03 05
obj -0010 -0001 07160 4048 spdx2 05 03 05
06 0005
obj -0010 -0001 06960 4049 spdx2 05 03 05
obj -0010 00004 06880 2310 still 10 06 02
obj -0010 -0001 06840 4050 spdx2 05 03 05
obj -0010 -0001 06640 4051 spdx2 05 03 05
obj -0010 -0001 06600 4010 spdx3 05 03 05
04 0001
obj -0010 -0001 04720 4052 spdx2 05 03 05
03 0003
obj 00010 -0001 03800 4011 spdx3 05 03 05
obj 00010 -0001 03160 4012 spdx3 05 03 05
obj 00010 -0001 03120 4053 spdx2 05 03 05
02 0003
obj 00010 -0001 02480 4013 spdx3 05 03 05
obj 00010 -0001 02400 4014 spdx3 05 03 05
obj 00010 -0001 02040 4054 spdx2 05 03 05
00 0004
obj 00010 -0001 00960 4015 spdx3 05 03 05
obj 00010 00004 00920 2311 still 10 06 02
obj 00010 -0001 00720 4055 spdx2 05 03 05
obj 00010 -0001 00560 4056 spdx2 05 03 05
