WORKING
sfondo_multi.jpg
vortex 20
481
12.30
487 001 489
486-482 001 489
481 001 535
480-477 001 489
476-395 010 488
394-387 009 487
386-361 001 489
360-248 008 486
247-239 011 485
238-235 004 000
234-190 010 488
189-187 008 486
186-175 008 486
174-171 004 000
170-150 010 488
149-097 009 487
096-070 011 485
069-066 004 000
065-010 010 488
009-002 001 489
001 001 535
000 001 489
0019
19 0001
obj -0010 00004 19040 2300 mover 10 06 02 rl 00010 010
18 0004
obj 00000 -0001 18960 4001 spdx3 05 03 05
obj 00000 -0001 18760 4002 spdx3 05 03 05
obj 00000 00004 18640 2301 still 10 06 02
obj 00000 -0001 18440 4031 spdx2 05 03 05
17 0001
obj 00000 -0001 17880 4032 spdx2 05 03 05
16 0002
obj 00000 -0001 16600 4003 spdx3 05 03 05
obj 00000 -0001 16040 4004 spdx3 05 03 05
15 0003
obj 00000 -0001 15440 4033 spdx2 05 03 05
obj 00000 00004 15320 2302 still 10 06 02
obj 00000 -0001 15000 4034 spdx2 05 03 05
14 0002
obj 00000 -0001 14520 4035 spdx2 05 03 05
obj -0010 -0001 14120 4036 spdx2 05 03 05
13 0002
obj -0010 -0001 13800 4037 spdx2 05 03 05
obj -0010 -0001 13040 4005 spdx3 05 03 05
12 0003
obj -0010 -0001 12400 4038 spdx2 05 03 05
obj -0010 -0001 12200 4039 spdx2 05 03 05
obj -0010 00004 12080 2303 still 10 06 02
10 0003
obj -0010 -0001 10840 4006 spdx3 05 03 05
obj -0010 -0001 10520 4040 spdx2 05 03 05
obj -0015 00004 10080 2304 mover 10 06 02 rl 00000 010
09 0003
obj 00015 -0001 09680 4007 spdx3 05 03 05
obj -0010 00004 09280 2305 mover 10 06 02 rl 00010 010
obj 00000 00004 09240 2306 still 10 06 02
08 0001
obj 00000 -0001 08760 4041 spdx2 05 03 05
07 0001
obj -0010 -0001 07240 4042 spdx2 05 03 05
06 0002
obj 00000 00004 06200 2307 still 10 06 02
obj -0010 00004 06000 2308 mover 10 06 02 rl 00010 010
05 0005
obj 00000 00004 05960 2309 mover 10 06 02 rl 00015 010
obj 00010 -0001 05840 4008 spdx3 05 03 05
obj 00010 -0001 05800 4043 spdx2 05 03 05
obj 00010 -0001 05320 4044 spdx2 05 03 05
obj 00000 00004 05000 2310 mover 10 06 02 rl 00015 010
04 0002
obj 00000 00004 04680 2311 mover 10 06 02 rl 00015 010
obj 00010 -0001 04320 4045 spdx2 05 03 05
03 0003
obj 00010 -0001 03880 4046 spdx2 05 03 05
obj 00015 -0001 03640 4047 spdx2 05 03 05
obj 00015 -0001 03200 4048 spdx2 05 03 05
02 0004
obj 00000 -0001 02520 4049 spdx2 05 03 05
obj 00000 -0001 02440 4050 spdx2 05 03 05
obj -0010 00004 02120 2312 mover 10 06 02 rl 00010 010
obj 00000 -0001 02000 4051 spdx2 05 03 05
01 0001
obj 00000 -0001 01400 4009 spdx3 05 03 05
00 0003
obj 00000 -0001 00960 4052 spdx2 05 03 05
obj -0010 00004 00760 2313 mover 10 06 02 rl 00010 010
obj 00000 -0001 00400 4053 spdx2 05 03 05
