WAPOOMA
sfondo_multi.jpg
vortex 20
366
12.30
372 001 495
371-367 001 495
366 001 496
365-336 001 495
335 004 000
334 004 000
333 004 000
332 004 000
331 004 000
330-310 003 403
309-305 004 000
304-270 007 408
269-266 004 000
265-261 006 406
260-257 004 000
256-252 006 406
251-248 004 000
247-243 005 405
242-239 004 000
238-234 005 405
233-230 004 000
229-225 007 408
224-221 004 000
220-216 007 408
215-212 004 000
211-207 005 405
206-205 004 000
204-200 006 406
199-198 004 000
197-193 005 405
192-191 004 000
194-190 006 406
189-188 004 000
187-178 007 408
177-176 004 000
175-166 005 405
165-164 004 000
163-154 006 406
153-151 004 000
150-101 001 493
100 004 000
099-071 001 495
070 004 000
069 004 000
068-047 001 495
046-045 004 000
044-034 001 495
033-032 004 000
031-022 001 495
021 004 000
020 004 000
019-002 001 495
001 001 496
000 001 495
0012
14 0001
obj 00000 00000 14640 2105 scena
13 0004
obj -0010 -0001 13700 4003 spdx3 05 03 05
obj 00000 -0001 13700 4002 spdx3 05 03 05
obj 00010 -0001 13700 4001 spdx3 05 03 05
obj 00000 00000 13040 2109 scena
11 0002
obj 00000 00000 11400 2110 scena
obj 00000 00000 11100 2111 scena
10 0002
obj 00000 00000 10800 2112 scena
obj 00000 00000 10400 2113 scena
07 0001
obj 00000 00000 07000 2108 scena
06 0001
obj 00000 00000 06800 2107 scena
05 0008
obj 00000 00000 05000 2106 scena
obj 00010 00004 05900 2219 still 10 06 02
obj -0010 00004 05500 2218 still 10 06 02
obj -0010 -0001 05300 4042 spdx2 05 03 05
obj 00000 -0001 05300 4041 spdx2 05 03 05
obj 00010 -0001 05300 4040 spdx2 05 03 05
obj -0013 00004 05100 2234 still 07 06 02
obj 00013 00004 05100 2235 still 07 06 02
04 0005
obj 00010 00004 04800 2217 still 10 06 02
obj -0010 00004 04400 2216 still 10 06 02
obj -0010 -0001 04150 4039 spdx2 05 03 05
obj 00000 -0001 04150 4038 spdx2 05 03 05
obj 00010 -0001 04150 4037 spdx2 05 03 05
03 0008
obj -0010 -0001 03750 4045 spdx2 05 03 05
obj 00000 -0001 03750 4044 spdx2 05 03 05
obj 00010 -0001 03750 4043 spdx2 05 03 05
obj 00000 00000 03500 2254 scena
obj 00000 00010 03500 2255 mover 06 06 06 du 00003 002
obj -0013 00003 03500 2256 mover 06 06 06 ud 00010 008
obj 00013 00010 03500 2257 mover 06 06 06 du 00003 004
obj 00000 00000 03000 2104 scena
02 0007
obj -0010 -0001 02000 4036 spdx2 05 03 05
obj 00000 -0001 02000 4035 spdx2 05 03 05
obj 00010 -0001 02000 4034 spdx2 05 03 05
obj -0010 -0001 02010 4033 spdx2 05 03 05
obj 00000 -0001 02010 4032 spdx2 05 03 05
obj 00010 -0001 02010 4031 spdx2 05 03 05
obj 00000 00000 02800 2103 scena
01 0008
obj -0013 00004 01720 2232 still 07 06 02
obj 00013 00004 01720 2233 still 07 06 02
obj 00000 00004 01640 2215 still 10 06 02
obj 00000 00000 01500 2250 scena
obj 00000 00003 01500 2251 mover 06 06 06 ud 00010 008
obj -0013 00010 01500 2252 mover 06 06 06 du 00003 004
obj 00013 00010 01500 2253 mover 06 06 06 du 00003 002
obj 00000 00000 01000 2102 scena
00 0001
obj 00000 00000 00800 2001 scena
