WAPOOMA
sfondo_multi.jpg
vortex 02
296
12.30
302 001 493
301-297 001 493
296 001 494
295-294 004 000
293-257 007 408
256-254 004 000
253-229 007 408
228-226 004 000
225-204 007 408
203 004 000
202 004 000
201 004 000
200-183 007 408
182-181 004 000
180-163 003 403
162-161 004 000
160-143 007 408
142-141 004 000
140-123 003 403
122-121 004 000
120-102 001 493
101 004 000
100-096 003 403
095 004 000
094-091 007 408
090 004 000
089-086 006 406
085-082 005 405
081 004 000
080-071 003 403
070 004 000
069 004 000
068-046 003 403
045 004 000
044-034 007 408
033 004 000
032-022 003 403
021 004 000
020-002 001 493
001 001 494
000 001 494
0011
11 0001
obj 00000 00000 11840 2109 scena
09 0008
obj 00024 00002 09320 2271 aspir 99 06 08
obj 00024 00002 09240 2270 aspir 99 06 08
obj 00024 00002 09160 2269 aspir 99 06 08
obj 00024 00002 09080 2268 aspir 99 06 08
obj 00000 -0001 09600 4055 spdx2 05 02 05
obj 00000 -0001 09610 4052 spdx2 05 02 05
obj 00000 -0001 09300 4049 spdx2 05 02 05
obj 00000 -0001 09310 4046 spdx2 05 02 05
08 0004
obj -0024 00002 08320 2263 aspil 99 06 08
obj -0024 00002 08240 2262 aspil 99 06 08
obj -0024 00002 08160 2261 aspil 99 06 08
obj -0024 00002 08080 2260 aspil 99 06 08
07 0001
obj 00000 00000 07000 2108 scena
06 0003
obj 00000 00000 06800 2107 scena
obj 00000 -0001 06250 4042 spdx2 05 02 05
obj 00000 -0001 06260 4041 spdx2 05 02 05
05 0003
obj 00000 00000 05000 2106 scena
obj 00010 -0001 05250 4040 spdx2 05 02 05
obj 00010 -0001 05260 4039 spdx2 05 02 05
04 0002
obj 00000 00000 04800 2105 scena
obj -0010 -0001 04260 4037 spdx2 05 02 05
03 0001
obj 00000 00000 03000 2104 scena
02 0005
obj -0010 -0001 02000 4036 spdx2 05 02 05
obj 00010 -0001 02000 4034 spdx2 05 02 05
obj -0010 -0001 02010 4033 spdx2 05 02 05
obj 00010 -0001 02010 4031 spdx2 05 02 05
obj 00000 00000 02800 2103 scena
01 0001
obj 00000 00000 01000 2102 scena
00 0001
obj 00000 00000 00800 2001 scena
