WAPOOMA
sfondo_multi.jpg
vortex 05
326
12.30
332 001 495
331-327 001 495
326 001 496
325-266 001 495
267-264 004 000
265-204 001 495
203 004 000
202 004 000
201 004 000
200-154 001 495
153-151 004 000
150-101 001 495
100 004 000
099-071 001 495
070 004 000
069 004 000
068-047 001 495
046-045 004 000
044-034 001 495
033-032 004 000
031-022 001 495
021 004 000
020 004 000
019-002 001 495
001 001 496
000 001 495
0012
13 0001
obj 00000 00000 13040 2109 scena
11 0002
obj 00000 00000 11400 2110 scena
obj 00000 00000 11100 2111 scena
10 0008
obj 00000 00000 10800 2112 scena
obj 00000 00000 10400 2113 scena
obj -0010 -0001 10200 4006 spdx3 05 02 05
obj 00000 -0001 10200 4005 spdx3 05 02 05
obj 00010 -0001 10200 4004 spdx3 05 02 05
obj -0010 -0001 10210 4003 spdx3 05 02 05
obj 00000 -0001 10210 4002 spdx3 05 02 05
obj 00010 -0001 10210 4001 spdx3 05 02 05
09 0012
obj -0010 -0001 09600 4056 spdx2 05 02 05
obj 00000 -0001 09600 4055 spdx2 05 02 05
obj 00010 -0001 09600 4054 spdx2 05 02 05
obj -0010 -0001 09610 4053 spdx2 05 02 05
obj 00000 -0001 09610 4052 spdx2 05 02 05
obj 00010 -0001 09610 4051 spdx2 05 02 05
obj -0010 -0001 09300 4050 spdx2 05 02 05
obj 00000 -0001 09300 4049 spdx2 05 02 05
obj 00010 -0001 09300 4048 spdx2 05 02 05
obj -0010 -0001 09310 4047 spdx2 05 02 05
obj 00000 -0001 09310 4046 spdx2 05 02 05
obj 00010 -0001 09310 4045 spdx2 05 02 05
07 0003
obj 00000 00000 07000 2108 scena
obj 00010 -0001 07250 4044 spdx2 05 02 05
obj 00010 -0001 07260 4043 spdx2 05 02 05
06 0003
obj 00000 00000 06800 2107 scena
obj -0010 -0001 06250 4042 spdx2 05 02 05
obj -0010 -0001 06260 4041 spdx2 05 02 05
05 0003
obj 00000 00000 05000 2106 scena
obj 00000 -0001 05250 4040 spdx2 05 02 05
obj 00000 -0001 05260 4039 spdx2 05 02 05
04 0003
obj 00000 00000 04800 2105 scena
obj -0010 -0001 04250 4038 spdx2 05 02 05
obj -0010 -0001 04260 4037 spdx2 05 02 05
03 0005
obj 00000 00000 03500 2254 scena
obj 00000 00010 03500 2255 mover 06 06 06 du 00003 005
obj -0013 00003 03500 2256 mover 06 06 06 ud 00010 005
obj 00013 00010 03500 2257 mover 06 06 06 du 00003 010
obj 00000 00000 03000 2104 scena
02 0007
obj -0010 -0001 02000 4036 spdx2 05 02 05
obj 00000 -0001 02000 4035 spdx2 05 02 05
obj 00010 -0001 02000 4034 spdx2 05 02 05
obj -0010 -0001 02010 4033 spdx2 05 02 05
obj 00000 -0001 02010 4032 spdx2 05 02 05
obj 00010 -0001 02010 4031 spdx2 05 02 05
obj 00000 00000 02800 2103 scena
01 0005
obj 00000 00000 01500 2250 scena
obj 00000 00003 01500 2251 mover 06 06 06 ud 00010 005
obj -0013 00010 01500 2252 mover 06 06 06 du 00003 010
obj 00013 00010 01500 2253 mover 06 06 06 du 00003 005
obj 00000 00000 01000 2102 scena
00 0001
obj 00000 00000 00800 2001 scena
