WORKING
sfondo_blu.jpg
vortex 22
784
12.30
790 001 489
789-785 001 489
784 001 498
783-781 001 489
780-777 004 000
776-769 010 488
768-757 009 487
756-748 011 485
747-732 009 487
731-718 009 487
717-713 001 489
712-709 004 000
708-703 001 489
702-700 004 000
699-650 001 489
649-640 009 487
639 004 000
638-633 001 489
632-630 011 485
629-626 008 486
625-608 011 485
607-606 010 488
605-593 009 487
592-580 010 488
579-576 004 000
575-557 010 488
556-553 004 000
552-526 001 489
525-522 004 000
521-479 011 485
478 009 487
477-474 004 000
473-454 008 486
453-452 004 000
451-450 008 486
449-441 010 488
440-434 011 485
433-432 011 485
431-428 010 488
427-422 001 489
421-406 010 488
405-402 004 000
401-399 010 488
398-386 009 487
385-382 004 000
381-364 011 485
363-360 001 489
359-329 001 489
328-325 001 489
324-323 008 486
322 011 485
321-318 004 000
317-312 008 486
311-287 011 485
286-284 004 000
283-278 009 487
277-272 011 485
271-256 010 488
255-253 004 000
252 011 485
251-243 009 487
242-239 004 000
238 011 485
237-223 011 485
222-212 009 487
211-209 004 000
208-207 011 485
206-205 011 485
204-189 009 487
188-185 010 488
184-181 004 000
180-175 008 486
174-173 008 486
172-167 001 489
166-155 009 487
154-151 009 487
150-132 001 489
131-128 004 000
127-112 008 486
111-110 001 489
109 010 488
108-106 009 487
105-102 004 000
101-100 010 488
099-095 009 487
094-092 011 485
091-076 011 485
075-057 008 486
056 011 485
055-037 009 487
036 001 489
035-033 009 487
032-030 009 487
029-026 004 000
025-010 010 488
009-005 009 487
004-002 001 489
001 001 498
000 001 489
0031
30 0002
obj 00000 -0001 30760 4031 spdx2 05 03 05
obj 00010 -0001 30720 4001 spdx3 05 03 05
29 0002
obj 00010 -0001 29520 4002 spdx3 05 03 05
obj 00010 -0001 29040 4032 spdx2 05 03 05
28 0001
obj 00010 -0001 28760 4003 spdx3 05 03 05
27 0003
obj 00000 -0001 27960 4004 spdx3 05 03 05
obj 00010 -0001 27920 4033 spdx2 05 03 05
obj 00010 -0001 27560 4034 spdx2 05 03 05
26 0002
obj -0010 -0001 26480 4035 spdx2 05 03 05
obj 00000 -0001 26440 4036 spdx2 05 03 05
25 0003
obj 00010 -0001 25960 4037 spdx2 05 03 05
obj 00010 -0001 25880 4005 spdx3 05 03 05
obj 00010 -0001 25800 4006 spdx3 05 03 05
24 0004
obj -0015 -0001 24960 4038 spdx2 05 03 05
obj 00015 -0001 24840 4039 spdx2 05 03 05
obj 00015 -0001 24600 4040 spdx2 05 03 05
obj -0015 -0001 24480 4041 spdx2 05 03 05
23 0002
obj 00010 -0001 23720 4042 spdx2 05 03 05
obj 00000 -0001 23240 4043 spdx2 05 03 05
22 0001
obj 00000 -0001 22680 4044 spdx2 05 03 05
21 0001
obj 00000 -0001 21200 4045 spdx2 05 03 05
20 0003
obj -0015 -0001 20840 4007 spdx3 05 03 05
obj -0015 -0001 20360 4046 spdx2 05 03 05
obj 00015 -0001 20080 4047 spdx2 05 03 05
19 0004
obj 00015 -0001 19920 4008 spdx3 05 03 05
obj 00015 -0001 19840 4048 spdx2 05 03 05
obj -0015 -0001 19680 4009 spdx3 05 03 05
obj -0015 -0001 19240 4049 spdx2 05 03 05
18 0002
obj -0010 -0001 18640 4010 spdx3 05 03 05
obj -0010 -0001 18520 4050 spdx2 05 03 05
17 0003
obj 00000 -0001 17800 4051 spdx2 05 03 05
obj -0015 -0001 17520 4052 spdx2 05 03 05
obj -0010 -0001 17040 4053 spdx2 05 03 05
16 0002
obj 00000 -0001 16720 4054 spdx2 05 03 05
obj 00000 -0001 16360 4055 spdx2 05 03 05
15 0004
obj 00000 -0001 15960 4056 spdx2 05 03 05
obj 00010 -0001 15640 4057 spdx2 05 03 05
obj 00010 -0001 15560 4011 spdx3 05 03 05
obj 00010 -0001 15520 4058 spdx2 05 03 05
14 0001
obj 00015 -0001 14920 4059 spdx2 05 03 05
13 0007
obj 00010 -0001 13560 4012 spdx3 05 03 05
obj 00000 -0001 13480 4013 spdx3 05 03 05
obj -0010 -0001 13400 4060 spdx2 05 03 05
obj 00000 -0001 13240 4061 spdx2 05 03 05
obj 00010 -0001 13200 4014 spdx3 05 03 05
obj 00010 -0001 13120 4062 spdx2 05 03 05
obj -0010 -0001 13040 4015 spdx3 05 03 05
12 0003
obj 00015 -0001 12880 4016 spdx3 05 03 05
obj -0010 -0001 12560 4017 spdx3 05 03 05
obj -0015 -0001 12160 4018 spdx3 05 03 05
11 0006
obj 00015 -0001 11960 4063 spdx2 05 03 05
obj 00015 -0001 11840 4019 spdx3 05 03 05
obj -0015 -0001 11760 4064 spdx2 05 03 05
obj 00015 -0001 11600 4020 spdx3 05 03 05
obj 00015 -0001 11520 4065 spdx2 05 03 05
obj 00010 -0001 11200 4066 spdx2 05 03 05
10 0003
obj 00015 -0001 10920 4067 spdx2 05 03 05
obj 00000 -0001 10760 4068 spdx2 05 03 05
obj 00000 -0001 10320 4021 spdx3 05 03 05
09 0002
obj -0015 -0001 09480 4069 spdx2 05 03 05
obj 00015 -0001 09400 4070 spdx2 05 03 05
08 0003
obj -0015 -0001 08240 4071 spdx2 05 03 05
obj 00010 -0001 08120 4072 spdx2 05 03 05
obj 00010 -0001 08040 4073 spdx2 05 03 05
07 0001
obj 00010 -0001 07840 4074 spdx2 05 03 05
06 0003
obj 00010 -0001 06600 4075 spdx2 05 03 05
obj 00010 -0001 06520 4076 spdx2 05 03 05
obj 00010 -0001 06480 4022 spdx3 05 03 05
05 0001
obj 00000 -0001 05960 4077 spdx2 05 03 05
04 0003
obj -0010 -0001 04880 4078 spdx2 05 03 05
obj -0010 -0001 04720 4079 spdx2 05 03 05
obj -0010 -0001 04520 4080 spdx2 05 03 05
03 0005
obj 00015 -0001 03720 4023 spdx3 05 03 05
obj -0015 -0001 03560 4024 spdx3 05 03 05
obj -0015 -0001 03320 4081 spdx2 05 03 05
obj -0015 -0001 03120 4082 spdx2 05 03 05
obj 00015 -0001 03080 4025 spdx3 05 03 05
02 0001
obj -0010 -0001 02360 4083 spdx2 05 03 05
01 0002
obj 00010 -0001 01880 4084 spdx2 05 03 05
obj 00010 -0001 01280 4085 spdx2 05 03 05
00 0003
obj 00000 -0001 00680 4026 spdx3 05 03 05
obj 00000 -0001 00440 4086 spdx2 05 03 05
obj 00010 -0001 00280 4027 spdx3 05 03 05
