WAPOOMA_OK
sfondo_green.jpg
vortex 07
801
12.30
807 001 413
806-802 001 413
801 001 414
800 001 413
799-791 001 413
790-788 004 000
787-781 001 413
780 001 413
779-773 006 410
772-762 003 412
761-760 003 412
759-753 003 412
752-745 001 413
744-743 001 413
742-730 005 409
729-727 003 412
726-725 004 000
724-721 003 412
720 003 412
719 004 000
718-711 003 412
710 006 410
709-706 005 409
705-704 006 410
703-697 005 409
696-683 005 409
682-679 001 413
678-675 004 000
674-671 003 412
670-661 003 412
660-657 004 000
656-655 003 412
654 003 412
653-630 003 412
629-626 006 410
625-611 005 409
610-607 004 000
606-601 007 411
600-597 005 409
596-595 003 412
594-593 005 409
592-580 003 412
579-572 003 412
571 005 409
570 004 000
569-553 006 410
552 006 410
551-548 004 000
547-544 001 413
543-539 001 413
538-534 001 413
533-530 004 000
529-519 003 412
518-511 005 409
510-507 004 000
506-500 005 409
499-496 003 412
495-492 004 000
491-487 007 411
486 001 413
485-477 003 412
476 005 409
475-460 006 410
459-456 004 000
455-441 003 412
440-431 007 411
430-424 003 412
423-420 004 000
419-407 006 410
406-402 006 410
401 004 000
400-398 006 410
397-394 005 409
393-390 004 000
389-385 006 410
384-380 006 410
379-376 004 000
375-359 001 413
358-330 005 409
329-326 004 000
325-320 001 413
319-317 005 409
316-311 006 410
310-305 001 413
304-301 004 000
300 006 410
299-291 006 410
290-287 004 000
286-282 003 412
281 001 413
280 004 000
279-264 007 411
263-258 005 409
257-254 004 000
253 006 410
252-236 006 410
235-197 005 409
196-182 006 410
181-178 006 410
177-161 003 412
160-153 006 410
152-149 004 000
148-147 003 412
146 005 409
145-142 004 000
141-134 001 413
133-130 004 000
129-123 001 413
122 003 412
121-120 004 000
119-092 005 409
091-072 007 411
071-018 003 412
017-007 003 412
006-003 004 000
002 006 410
001 001 414
000 001 413
0033
32 0001
obj 00000 00000 32040 2105 scena
31 0001
obj -0010 -0001 31040 4031 spdx2 05 03 05
30 0003
obj -0010 -0001 30680 4032 spdx2 05 03 05
obj 00010 -0001 30480 4001 spdx3 05 03 05
obj -0010 -0001 30000 4033 spdx2 05 03 05
29 0006
obj -0010 -0001 29880 4034 spdx2 05 03 05
obj 00010 -0001 29680 4035 spdx2 05 03 05
obj 00010 -0001 29520 4036 spdx2 05 03 05
obj 00010 -0001 29320 4002 spdx3 05 03 05
obj 00010 -0001 29200 4037 spdx2 05 03 05
obj -0010 -0001 29160 4038 spdx2 05 03 05
28 0005
obj 00010 -0001 28920 4039 spdx2 05 03 05
obj -0010 -0001 28480 4040 spdx2 05 03 05
obj -0010 -0001 28400 4041 spdx2 05 03 05
obj 00010 -0001 28240 4042 spdx2 05 03 05
obj 00010 -0001 28080 4043 spdx2 05 03 05
27 0004
obj 00010 -0001 27760 4003 spdx3 05 03 05
obj 00010 -0001 27680 4044 spdx2 05 03 05
obj 00010 -0001 27440 4045 spdx2 05 03 05
obj -0010 -0001 27200 4046 spdx2 05 03 05
26 0002
obj -0010 -0001 26640 4004 spdx3 05 03 05
obj -0010 -0001 26480 4005 spdx3 05 03 05
25 0005
obj -0010 -0001 25680 4047 spdx2 05 03 05
obj -0010 -0001 25640 4048 spdx2 05 03 05
obj -0010 -0001 25520 4049 spdx2 05 03 05
obj 00010 -0001 25200 4050 spdx2 05 03 05
obj 00010 -0001 25000 4051 spdx2 05 03 05
24 0003
obj 00010 -0001 24840 4052 spdx2 05 03 05
obj 00010 -0001 24760 4053 spdx2 05 03 05
obj 00010 -0001 24440 4006 spdx3 05 03 05
23 0007
obj 00010 -0001 23840 4007 spdx3 05 03 05
obj -0010 -0001 23680 4008 spdx3 05 03 05
obj -0010 -0001 23600 4009 spdx3 05 03 05
obj -0010 -0001 23560 4010 spdx3 05 03 05
obj -0010 -0001 23360 4054 spdx2 05 03 05
obj -0010 -0001 23280 4011 spdx3 05 03 05
obj -0010 -0001 23040 4055 spdx2 05 03 05
22 0002
obj -0010 -0001 22480 4056 spdx2 05 03 05
obj -0010 -0001 22160 4057 spdx2 05 03 05
21 0002
obj -0010 -0001 21880 4012 spdx3 05 03 05
obj 00000 -0001 21360 4058 spdx2 05 03 05
20 0002
obj 00010 -0001 20240 4013 spdx3 05 03 05
obj 00010 -0001 20000 4059 spdx2 05 03 05
19 0006
obj 00000 -0001 19480 4014 spdx3 05 03 05
obj 00010 -0001 19400 4060 spdx2 05 03 05
obj -0010 -0001 19360 4061 spdx2 05 03 05
obj 00010 -0001 19240 4062 spdx2 05 03 05
obj 00010 -0001 19200 4063 spdx2 05 03 05
obj -0010 -0001 19160 4015 spdx3 05 03 05
18 0005
obj -0010 -0001 18800 4064 spdx2 05 03 05
obj -0010 -0001 18560 4016 spdx3 05 03 05
obj -0010 -0001 18520 4065 spdx2 05 03 05
obj -0010 -0001 18440 4066 spdx2 05 03 05
obj 00010 -0001 18000 4017 spdx3 05 03 05
17 0004
obj -0010 -0001 17840 4067 spdx2 05 03 05
obj 00000 -0001 17560 4018 spdx3 05 03 05
obj 00000 -0001 17360 4068 spdx2 05 03 05
obj 00010 -0001 17080 4069 spdx2 05 03 05
16 0001
obj -0010 -0001 16200 4070 spdx2 05 03 05
15 0005
obj 00010 -0001 15880 4071 spdx2 05 03 05
obj 00010 -0001 15800 4072 spdx2 05 03 05
obj -0010 -0001 15560 4019 spdx3 05 03 05
obj -0010 -0001 15440 4073 spdx2 05 03 05
obj -0010 -0001 15280 4074 spdx2 05 03 05
14 0002
obj 00010 -0001 14920 4075 spdx2 05 03 05
obj 00010 -0001 14560 4076 spdx2 05 03 05
13 0004
obj 00010 -0001 13800 4077 spdx2 05 03 05
obj 00010 -0001 13560 4078 spdx2 05 03 05
obj 00010 -0001 13440 4079 spdx2 05 03 05
obj 00010 -0001 13320 4020 spdx3 05 03 05
12 0005
obj -0010 -0001 12960 4080 spdx2 05 03 05
obj -0010 -0001 12520 4081 spdx2 05 03 05
obj -0010 -0001 12360 4082 spdx2 05 03 05
obj 00010 -0001 12320 4083 spdx2 05 03 05
obj 00000 -0001 12240 4084 spdx2 05 03 05
11 0001
obj 00000 -0001 11120 4021 spdx3 05 03 05
10 0003
obj 00010 -0001 10440 4085 spdx2 05 03 05
obj 00010 -0001 10360 4022 spdx3 05 03 05
obj -0010 -0001 10040 4086 spdx2 05 03 05
09 0006
obj -0010 -0001 09960 4087 spdx2 05 03 05
obj -0010 -0001 09880 4023 spdx3 05 03 05
obj -0010 -0001 09560 4024 spdx3 05 03 05
obj 00010 -0001 09320 4088 spdx2 05 03 05
obj 00010 -0001 09160 4089 spdx2 05 03 05
obj 00010 -0001 09000 4090 spdx2 05 03 05
08 0006
obj 00010 -0001 08400 4091 spdx2 05 03 05
obj 00010 -0001 08360 4025 spdx3 05 03 05
obj 00010 -0001 08280 4092 spdx2 05 03 05
obj 00010 -0001 08200 4093 spdx2 05 03 05
obj 00010 -0001 08160 4094 spdx2 05 03 05
obj 00010 -0001 08120 4095 spdx2 05 03 05
07 0004
obj -0010 -0001 07560 4096 spdx2 05 03 05
obj -0010 -0001 07440 4097 spdx2 05 03 05
obj -0010 -0001 07320 4098 spdx2 05 03 05
obj -0010 -0001 07080 4099 spdx2 05 03 05
06 0001
obj 00010 -0001 06960 4100 spdx2 05 03 05
05 0004
obj -0010 -0001 05880 4101 spdx2 05 03 05
obj 00000 -0001 05440 4026 spdx3 05 03 05
obj 00010 -0001 05160 4027 spdx3 05 03 05
obj 00000 -0001 05040 4102 spdx2 05 03 05
04 0003
obj -0010 -0001 04960 4103 spdx2 05 03 05
obj -0010 -0001 04880 4104 spdx2 05 03 05
obj 00010 -0001 04760 4105 spdx2 05 03 05
03 0005
obj 00000 -0001 03600 4106 spdx2 05 03 05
obj 00000 -0001 03440 4028 spdx3 05 03 05
obj 00000 -0001 03360 4107 spdx2 05 03 05
obj 00000 -0001 03280 4108 spdx2 05 03 05
obj 00000 -0001 03160 4029 spdx3 05 03 05
02 0005
obj 00000 -0001 02880 4109 spdx2 05 03 05
obj -0010 -0001 02480 4030 spdx3 05 03 05
obj 00010 -0001 02440 4110 spdx2 05 03 05
obj -0010 -0001 02240 4111 spdx2 05 03 05
obj 00010 -0001 02200 4112 spdx2 05 03 05
01 0004
obj -0010 -0001 01960 4119 spdx2 05 03 05
obj 00010 -0001 01880 4113 spdx2 05 03 05
obj -0010 -0001 01760 4118 spdx2 05 03 05
obj -0010 -0001 01480 4114 spdx2 05 03 05
00 0004
obj -0010 -0001 00800 4115 spdx2 05 03 05
obj 00010 -0001 00720 4116 spdx2 05 03 05
obj -0010 -0001 00520 4117 spdx2 05 03 05
obj 00000 00000 00040 2104 scena
