MARTINGALA
sfondo_blu.jpg
vortex 10
741
12.30
747 001 489
746-742 001 489
741 001 535
740-734 001 489
733-731 004 000
730-701 001 489
700-664 010 488
663-661 004 000
660-634 011 485
633-631 004 000
630-604 010 488
603-601 004 000
600-573 011 485
572-570 004 000
569-550 008 486
549-547 010 488
546-527 009 487
526-524 004 000
523-504 008 486
503-501 004 000
500-486 008 486
485-475 001 489
474-472 004 000
471-452 008 486
451-449 010 488
448-429 009 487
428-426 001 489
425-406 008 486
405-385 010 488
384-382 004 000
381-283 001 489
282-279 004 000
280-159 001 492
158-157 004 000
156-145 010 488
144-143 004 000
142-123 011 485
122-121 004 000
120-101 011 485
100-099 004 000
098-089 011 485
088-086 001 489
085-076 009 487
075-073 001 489
072-063 008 486
062-061 010 488
060-051 009 487
050-040 010 488
039-002 001 489
001 001 535
000 001 489
0024
29 0001
obj 00000 00000 29640 2102 scena
28 0002
obj 00000 00000 28900 2001 scena
obj 00000 -0001 28800 4083 spdx2 05 03 05
27 0002
obj 00000 00000 27520 2103 scena
obj 00000 -0001 27200 4084 spdx2 05 03 05
25 0003
obj 00000 00000 25900 2104 scena
obj -0015 -0001 25840 4010 spdx3 05 03 05
obj 00015 -0001 25840 4085 spdx2 05 03 05
24 0002
obj 00000 00000 24020 2105 scena
obj 00000 -0001 24680 4086 spdx2 05 03 05
23 0002
obj -0015 -0001 23400 4087 spdx2 05 03 05
obj 00015 -0001 23400 4011 spdx3 05 03 05
22 0002
obj 00000 00000 22800 2106 scena
obj -0010 -0001 22360 4088 spdx2 05 03 05
21 0001
obj 00010 -0001 21440 4089 spdx2 05 03 05
20 0002
obj 00000 00000 20100 2107 scena
obj -0010 -0001 20400 4090 spdx2 05 03 05
19 0003
obj -0010 -0001 19600 4091 spdx2 05 03 05
obj 00010 -0001 19035 4012 spdx3 05 03 05
obj 00010 -0001 19025 4013 spdx3 05 03 05
18 0003
obj 00000 00000 18900 2108 scena
obj -0010 -0001 18400 4092 spdx2 05 03 05
obj 00000 -0001 18000 4093 spdx2 05 03 05
17 0002
obj 00000 00000 17900 2109 scena
obj 00010 -0001 17520 4094 spdx2 05 03 05
16 0003
obj 00000 00000 16300 2110 scena
obj -0010 -0001 16600 4095 spdx2 05 03 05
obj 00000 -0001 16102 4096 spdx2 05 03 05
14 0004
obj 00010 -0001 14100 4014 spdx3 05 03 05
obj -0010 -0001 14100 4015 spdx3 05 03 05
obj 00000 -0001 14100 4016 spdx3 05 03 05
obj 00000 00000 14020 2111 scena
11 0003
obj 00010 -0001 11004 4017 spdx3 05 03 05
obj -0010 -0001 11004 4018 spdx3 05 03 05
obj 00000 -0001 11004 4019 spdx3 05 03 05
09 0001
obj 00000 00000 09100 2249 scena
08 0009
obj 00000 00000 08100 2244 scena
obj 00000 00000 08300 2245 scena
obj 00000 00000 08500 2246 scena
obj 00000 00000 08700 2247 scena
obj 00000 00000 08900 2248 scena
obj 00010 -0001 08900 4020 spdx3 05 03 05
obj -0010 -0001 08700 4021 spdx3 05 03 05
obj 00010 -0001 08400 4022 spdx3 05 03 05
obj 00010 -0001 08200 4023 spdx3 05 03 05
07 0004
obj 00010 -0001 07900 4024 spdx3 05 03 05
obj -0010 -0001 07700 4025 spdx3 05 03 05
obj 00000 -0001 07400 4026 spdx3 05 03 05
obj 00010 -0001 07200 4027 spdx3 05 03 05
06 0007
obj -0010 -0001 06800 4028 spdx3 05 03 05
obj 00000 -0001 06800 4029 spdx3 05 03 05
obj 00010 -0001 06800 4030 spdx3 05 03 05
obj 00000 00001 06650 2220 still 11 02 02
obj -0009 00001 06550 2221 still 11 02 02
obj 00009 00001 06450 2222 still 11 02 02
obj 00009 00001 06350 2223 still 11 02 02
05 0003
obj -0015 00001 05600 2272 still 04 06 04
obj 00015 00001 05100 2273 still 04 06 04
obj -0015 00001 05002 2274 still 04 06 04
04 0002
obj 00015 00001 04650 2275 still 04 06 04
obj -0015 00001 04150 2276 still 04 06 04
03 0003
obj 00015 00001 03928 2277 still 04 06 04
obj -0015 00001 03800 2230 still 04 06 04
obj 00015 00001 03600 2231 still 04 06 04
02 0002
obj 00000 00000 02600 2112 scena
obj 00000 00000 02160 2113 scena
00 0003
obj -0010 -0001 00300 4033 spdx2 05 03 05
obj 00000 -0001 00300 4032 spdx2 05 03 05
obj 00010 -0001 00300 4031 spdx2 05 03 05
