WAPOOMA_OK
sfondo_red.jpg
vortex 04
601
12.30
607 001 413
606-602 001 413
601 001 414
600 001 413
599-598 004 000
597-570 001 413
569-567 004 000
566-564 001 415
563-561 004 000
560 001 415
559-556 004 000
555-554 001 415
553-551 004 000
550-549 001 415
548-546 004 000
545-544 001 415
543-541 004 000
540-507 003 412
506-501 004 000
500-475 003 412
474-471 004 000
470-451 005 409
450-435 006 410
434-431 004 000
430-403 003 412
402-401 004 000
400-375 003 412
374-373 004 000
372-351 006 410
350-323 005 409
322-321 004 000
320-304 007 411
303-301 004 000
300-254 003 412
253-251 004 000
250-232 007 411
231 004 000
230-204 003 412
203-201 004 000
200-154 003 412
153-151 004 000
150-101 003 412
100 004 000
099-071 003 412
070 004 000
069 004 000
068-047 001 413
046-045 004 000
044-034 001 413
033-032 004 000
031-022 001 413
021 004 000
020 004 000
019-002 001 413
001 001 414
000 001 413
0023
24 0001
obj 00000 00000 24040 2113 scena
23 0001
obj -0012 -0001 23200 4011 spdx3 05 03 05
20 0002
obj -0032 00000 20100 2282 mover 15 10 02 rl -0008 002
obj 00008 00000 20100 2283 mover 15 10 02 rl 00032 002
19 0002
obj -0010 -0001 19500 4048 spdx2 05 03 05
obj 00010 -0001 19500 4047 spdx2 05 03 05
18 0001
obj 00010 -0001 18500 4053 spdx2 05 03 05
17 0002
obj 00000 00000 17100 2110 scena
obj -0010 -0001 17650 4052 spdx2 05 03 05
16 0002
obj -0010 -0001 16400 4046 spdx2 05 03 05
obj 00010 00001 16400 2272 still 04 06 04
15 0003
obj 00000 00000 15800 2111 scena
obj -0010 00001 15400 2231 still 04 06 04
obj 00010 -0001 15400 4045 spdx2 05 03 05
14 0001
obj -0010 -0001 14600 4051 spdx2 05 03 05
13 0002
obj 00000 00000 13200 2109 scena
obj 00010 -0001 13550 4050 spdx2 05 03 05
12 0001
obj 00000 -0001 12540 4049 spdx2 05 03 05
11 0002
obj -0010 -0001 11600 4044 spdx2 05 03 05
obj 00010 00001 11600 2230 still 04 06 04
10 0006
obj -0032 00000 10080 2280 mover 15 10 02 rl -0008 002
obj 00008 00000 10080 2281 mover 15 10 02 rl 00032 002
obj -0010 -0001 10310 4006 spdx3 05 03 05
obj 00010 -0001 10310 4004 spdx3 05 03 05
obj -0010 -0001 10210 4003 spdx3 05 03 05
obj 00010 -0001 10210 4001 spdx3 05 03 05
09 0001
obj 00000 -0001 09700 4042 spdx2 05 03 05
08 0002
obj -0010 -0001 08700 4009 spdx3 05 03 05
obj 00010 -0001 08700 4041 spdx2 05 03 05
07 0003
obj 00000 00000 07000 2108 scena
obj -0010 -0001 07600 4040 spdx2 05 03 05
obj 00010 -0001 07600 4008 spdx3 05 03 05
06 0003
obj 00000 00000 06800 2107 scena
obj -0010 -0001 06700 4039 spdx2 05 03 05
obj 00010 -0001 06700 4007 spdx3 05 03 05
05 0003
obj 00000 00000 05000 2106 scena
obj -0010 -0001 05700 4005 spdx3 05 03 05
obj 00010 -0001 05700 4038 spdx2 05 03 05
04 0003
obj 00000 00000 04800 2105 scena
obj -0010 -0001 04700 4002 spdx3 05 03 05
obj 00010 -0001 04700 4037 spdx2 05 03 05
03 0004
obj -0010 -0001 03600 4043 spdx2 05 03 05
obj 00010 -0001 03600 4010 spdx3 05 03 05
obj 00000 00000 03800 2112 scena
obj 00000 00000 03000 2104 scena
02 0004
obj -0010 -0001 02000 4036 spdx2 05 03 05
obj 00000 -0001 02000 4035 spdx2 05 03 05
obj 00010 -0001 02000 4034 spdx2 05 03 05
obj 00000 00000 02800 2103 scena
01 0001
obj 00000 00000 01000 2102 scena
00 0004
obj -0010 -0001 00610 4033 spdx2 05 03 05
obj 00000 -0001 00610 4032 spdx2 05 03 05
obj 00010 -0001 00610 4031 spdx2 05 03 05
obj 00000 00000 00800 2001 scena
