WAPOOMA_OK
sfondo_multi.jpg
vortex 07
296
12.30
302 001 413
301-297 001 413
296 001 414
295-293 001 413
292-291 004 000
290-204 001 491
203 004 000
202 004 000
201 004 000
200-101 001 415
100 004 000
099-071 003 412
070 004 000
069 004 000
068-047 001 415
046-045 004 000
044-034 001 415
033-032 004 000
031-022 001 413
021 004 000
020 004 000
019-002 001 413
001 001 414
000 001 413
0012
11 0001
obj 00000 00000 11840 2113 scena
10 0006
obj -0010 -0001 10200 4006 spdx3 05 03 05
obj 00000 -0001 10200 4005 spdx3 05 03 05
obj 00010 -0001 10200 4004 spdx3 05 03 05
obj -0010 -0001 10210 4003 spdx3 05 03 05
obj 00000 -0001 10210 4002 spdx3 05 03 05
obj 00010 -0001 10210 4001 spdx3 05 03 05
09 0012
obj -0010 -0001 09600 4056 spdx2 05 03 05
obj 00000 -0001 09600 4055 spdx2 05 03 05
obj 00010 -0001 09600 4054 spdx2 05 03 05
obj -0010 -0001 09610 4053 spdx2 05 03 05
obj 00000 -0001 09610 4052 spdx2 05 03 05
obj 00010 -0001 09610 4051 spdx2 05 03 05
obj -0010 -0001 09300 4050 spdx2 05 03 05
obj 00000 -0001 09300 4049 spdx2 05 03 05
obj 00010 -0001 09300 4048 spdx2 05 03 05
obj -0010 -0001 09310 4047 spdx2 05 03 05
obj 00000 -0001 09310 4046 spdx2 05 03 05
obj 00010 -0001 09310 4045 spdx2 05 03 05
08 0004
obj -0013 00000 08060 2240 still 04 02 04
obj -0003 00000 08040 2241 still 04 02 04
obj 00013 00000 08030 2242 still 04 02 04
obj 00006 00000 08050 2243 still 04 02 04
07 0006
obj 00000 00000 07000 2108 scena
obj -0008 00000 07240 2223 still 11 02 02
obj 00019 00000 07240 2211 mover 02 02 02 lr 00007 010
obj 00016 00000 07240 2210 mover 02 02 02 lr 00004 010
obj 00010 -0001 07250 4044 spdx2 05 03 05
obj 00010 -0001 07260 4043 spdx2 05 03 05
06 0006
obj 00000 00000 06800 2107 scena
obj 00009 00000 06240 2222 still 11 02 02
obj -0019 00000 06240 2209 mover 02 02 02 rl -0007 010
obj -0016 00000 06240 2208 mover 02 02 02 rl -0004 010
obj -0010 -0001 06250 4042 spdx2 05 03 05
obj -0010 -0001 06260 4041 spdx2 05 03 05
05 0006
obj 00000 00000 05000 2106 scena
obj -0008 00000 05240 2221 still 11 02 02
obj 00019 00000 05240 2207 mover 02 02 02 lr 00007 010
obj 00016 00000 05240 2206 mover 02 02 02 lr 00004 010
obj 00010 -0001 05250 4040 spdx2 05 03 05
obj 00010 -0001 05260 4039 spdx2 05 03 05
04 0006
obj 00000 00000 04800 2105 scena
obj 00009 00000 04240 2220 still 11 02 02
obj -0019 00000 04240 2205 mover 02 02 02 rl -0007 010
obj -0016 00000 04240 2204 mover 02 02 02 rl -0004 010
obj -0010 -0001 04250 4038 spdx2 05 03 05
obj -0010 -0001 04260 4037 spdx2 05 03 05
03 0009
obj 00015 00000 03800 2203 still 02 02 02
obj 00012 00000 03800 2202 still 02 02 02
obj 00009 00000 03800 2201 still 02 02 02
obj 00006 00000 03800 2200 still 02 02 02
obj 00000 00000 03800 2112 scena
obj 00000 00000 03600 2111 scena
obj 00000 00000 03400 2110 scena
obj 00000 00000 03200 2109 scena
obj 00000 00000 03000 2104 scena
02 0007
obj -0010 -0001 02000 4036 spdx2 05 03 05
obj 00000 -0001 02000 4035 spdx2 05 03 05
obj 00010 -0001 02000 4034 spdx2 05 03 05
obj -0010 -0001 02010 4033 spdx2 05 03 05
obj 00000 -0001 02010 4032 spdx2 05 03 05
obj 00010 -0001 02010 4031 spdx2 05 03 05
obj 00000 00000 02800 2103 scena
01 0001
obj 00000 00000 01000 2102 scena
00 0001
obj 00000 00000 00800 2001 scena
