OSTACOLONI
sfondo_blu.jpg
vortex 10
681
12.30
687 001 497
686-682 001 497
681 001 498
680-677 001 497
676-673 008 418
672-653 009 419
652-649 008 418
648-636 009 419
635-632 004 000
631-616 008 418
615-592 008 418
591-589 004 000
588 001 497
587 009 419
586-583 004 000
582-578 009 419
577-562 001 497
561-529 008 418
528-525 004 000
524-522 008 418
521-499 009 419
498-496 004 000
495-485 008 418
484-483 004 000
482 009 419
481-478 004 000
477-476 001 497
475-472 004 000
471-467 008 418
466-465 008 418
464-462 004 000
461-453 009 419
452-449 009 419
448-447 004 000
446-436 008 418
435-433 004 000
432 001 497
431-428 009 419
427-424 004 000
423 001 497
422-411 001 497
410-407 004 000
406-402 009 419
401-396 008 418
395 008 418
394-392 004 000
391-390 008 418
389 001 497
388 001 497
387-385 001 497
384-381 004 000
380-378 008 418
377-375 008 418
374-371 001 497
370-368 004 000
367-363 009 419
362-350 001 497
349 008 418
348-345 004 000
344 009 419
343-334 009 419
333-329 009 419
328 009 419
327-325 004 000
324-323 009 419
322-318 008 418
317-310 008 418
309 009 419
308-305 004 000
304-282 001 497
281-266 009 419
265-262 004 000
261-260 008 418
259-254 001 497
253-249 008 418
248 001 497
247-244 004 000
243 001 497
242-235 008 418
234-231 004 000
230 009 419
229-219 008 418
218-214 009 419
213-209 008 418
208-205 004 000
204 008 418
203-188 001 497
187-186 004 000
185-177 008 418
176-173 004 000
172-163 001 497
162-159 004 000
158-142 008 418
141-138 004 000
137-129 008 418
128-125 004 000
124-100 009 419
099-096 004 000
095-062 009 419
061-048 009 419
047-044 004 000
043-034 008 418
033-030 004 000
029-022 008 418
021-018 004 000
017-006 008 418
005-002 001 497
001 001 498
000 001 497
0024
27 0001
obj 00000 00000 27240 2104 scena
26 0001
obj 00010 -0001 26500 4056 spdx2 05 03 05
25 0001
obj -0010 -0001 25100 4055 spdx2 05 03 05
24 0002
obj -0010 -0001 24080 4054 spdx2 05 03 05
obj 00000 00000 24500 2105 scena
22 0002
obj -0010 -0001 22600 4053 spdx2 05 03 05
obj 00010 -0001 22600 4008 spdx3 05 03 05
21 0002
obj 00000 00000 21300 2106 scena
obj -0010 -0001 21750 4052 spdx2 05 03 05
20 0001
obj 00010 -0001 20400 4051 spdx2 05 03 05
19 0001
obj -0010 -0001 19600 4050 spdx2 05 03 05
18 0003
obj 00000 00000 18500 2107 scena
obj -0010 -0001 18750 4049 spdx2 05 03 05
obj 00010 -0001 18300 4048 spdx2 05 03 05
17 0001
obj -0010 -0001 17270 4007 spdx3 05 03 05
16 0002
obj 00000 00000 16500 2108 scena
obj 00000 -0001 16800 4047 spdx2 05 03 05
15 0003
obj -0010 -0001 15100 4046 spdx2 05 03 05
obj 00010 -0001 15420 4006 spdx3 05 03 05
obj -0010 -0001 15950 4045 spdx2 05 03 05
14 0001
obj -0010 -0001 14350 4005 spdx3 05 03 05
13 0003
obj -0032 00000 13900 2288 mover 15 10 02 rl -0008 002
obj 00008 00000 13900 2289 mover 15 10 02 rl 00032 002
obj 00010 -0001 13500 4044 spdx2 05 03 05
12 0002
obj -0010 -0001 12020 4004 spdx3 05 03 05
obj 00010 -0001 12915 4003 spdx3 05 03 05
11 0001
obj 00010 -0001 11020 4043 spdx2 05 03 05
10 0003
obj -0010 -0001 10300 4042 spdx2 05 03 05
obj -0032 00000 10550 2286 mover 15 10 02 rl -0008 002
obj 00008 00000 10550 2287 mover 15 10 02 rl 00032 002
09 0003
obj 00000 -0001 09910 4001 spdx3 05 03 05
obj -0010 -0001 09600 4041 spdx2 05 03 05
obj -0010 -0001 09010 4040 spdx2 05 03 05
08 0003
obj 00010 -0001 08640 4039 spdx2 05 03 05
obj -0032 00000 08200 2284 mover 15 10 02 rl -0008 002
obj 00008 00000 08200 2285 mover 15 10 02 rl 00032 002
07 0004
obj -0010 -0001 07350 4038 spdx2 05 03 05
obj 00000 -0001 07950 4037 spdx2 05 03 05
obj -0032 00000 07000 2282 mover 15 10 02 rl -0008 002
obj 00008 00000 07000 2283 mover 15 10 02 rl 00032 002
06 0004
obj -0032 00000 06400 2280 mover 15 10 02 rl -0008 002
obj 00008 00000 06400 2281 mover 15 10 02 rl 00032 002
obj -0010 -0001 06070 4036 spdx2 05 03 05
obj 00000 -0001 06750 4035 spdx2 05 03 05
04 0005
obj 00005 00001 04800 2272 still 04 06 04
obj 00015 00001 04500 2273 still 04 06 04
obj 00005 00001 04200 2274 still 04 06 04
obj 00005 -0001 04260 4034 spdx2 05 03 05
obj 00015 -0001 04260 4033 spdx2 05 03 05
03 0002
obj 00010 00001 03500 2275 still 04 06 04
obj 00005 00001 03200 2276 still 04 06 04
02 0005
obj 00015 00001 02900 2277 still 04 06 04
obj 00005 00001 02600 2230 still 04 06 04
obj 00015 00001 02300 2231 still 04 06 04
obj 00005 -0001 02060 4032 spdx2 05 03 05
obj 00015 -0001 02060 4031 spdx2 05 03 05
00 0001
obj 00000 00000 00500 2001 scena
