WORKING
sfondo_multi.jpg
vortex 04
481
12.30
487 001 497
486-482 001 497
481 001 498
480-443 001 497
442-441 004 000
440-433 008 418
432-431 004 000
430-423 009 419
422-421 004 000
420-411 008 418
410-403 009 419
402-401 004 000
400-393 009 419
392-391 004 000
390-383 008 418
382-381 004 000
380-343 009 419
342-341 004 000
340-298 008 418
297-296 004 000
295-254 009 419
253-251 001 497
250-204 008 418
203-201 001 497
200-155 009 419
154-153 001 497
152-102 008 418
101-100 001 497
099-071 009 419
070-069 001 497
068-047 008 418
046-045 001 497
044-034 009 419
033-032 001 497
031-022 008 418
021 004 000
020 004 000
019-002 001 497
001 001 498
000 001 497
0013
19 0003
obj 00000 00000 19240 2102 scena
obj 00000 00000 19100 2103 scena
obj 00000 00000 19000 2116 scena
18 0011
obj 00000 00000 18900 2105 scena
obj 00000 00000 18800 2115 scena
obj 00000 00000 18700 2107 scena
obj 00000 00000 18600 2114 scena
obj 00000 00000 18500 2109 scena
obj -0010 -0001 18000 4006 spdx3 05 03 05
obj 00000 -0001 18000 4005 spdx3 05 03 05
obj 00010 -0001 18000 4004 spdx3 05 03 05
obj -0010 -0001 18010 4003 spdx3 05 03 05
obj 00000 -0001 18010 4002 spdx3 05 03 05
obj 00010 -0001 18010 4001 spdx3 05 03 05
16 0009
obj 00000 00000 16400 2110 scena
obj 00000 00000 16300 2111 scena
obj 00000 00000 16200 2112 scena
obj 00000 00000 16100 2113 scena
obj 00000 00000 16000 2001 scena
obj -0010 -0001 16600 4031 spdx2 05 03 05
obj -0010 -0001 16610 4032 spdx2 05 03 05
obj 00010 -0001 16200 4033 spdx2 05 03 05
obj 00010 -0001 16210 4034 spdx2 05 03 05
15 0002
obj -0010 -0001 15440 4035 spdx2 05 03 05
obj -0010 -0001 15450 4036 spdx2 05 03 05
14 0003
obj 00000 00000 14500 2250 scena
obj 00010 -0001 14000 4037 spdx2 05 03 05
obj 00010 -0001 14010 4038 spdx2 05 03 05
12 0003
obj 00000 00000 12050 2249 scena
obj -0010 -0001 12660 4039 spdx2 05 03 05
obj -0010 -0001 12670 4040 spdx2 05 03 05
10 0003
obj 00000 00000 10800 2248 scena
obj 00010 -0001 10260 4041 spdx2 05 03 05
obj 00010 -0001 10270 4042 spdx2 05 03 05
08 0003
obj 00000 00000 08400 2247 scena
obj -0010 -0001 08250 4043 spdx2 05 03 05
obj -0010 -0001 08260 4044 spdx2 05 03 05
06 0003
obj 00000 00000 06600 2246 scena
obj 00010 -0001 06320 4045 spdx2 05 03 05
obj 00010 -0001 06330 4046 spdx2 05 03 05
04 0003
obj 00000 00000 04900 2245 scena
obj -0010 -0001 04600 4047 spdx2 05 03 05
obj -0010 -0001 04610 4048 spdx2 05 03 05
03 0003
obj 00000 00000 03500 2244 scena
obj 00010 -0001 03160 4049 spdx2 05 03 05
obj 00010 -0001 03170 4050 spdx2 05 03 05
02 0002
obj 00000 00000 02800 2104 scena
obj 00000 00000 02000 2106 scena
01 0001
obj 00000 00000 01200 2108 scena
