MARTINGALA II
sfondo_red.jpg
vortex 04
781
12.30
787 001 497
786-782 001 497
781 001 498
780 001 497
779 004 000
778-769 009 419
768-765 008 418
764-758 008 418
757-756 008 418
755-753 001 497
752-739 008 418
738-737 008 418
736-733 004 000
732-731 001 497
730-698 001 497
697-694 004 000
693-679 008 418
678-661 009 419
660-659 004 000
658 008 418
657-654 004 000
653-650 008 418
649-645 009 419
644-634 009 419
633-624 008 418
623 004 000
622 008 418
621-618 004 000
617-613 008 418
612-611 009 419
610-601 001 497
600-597 001 497
596-595 004 000
594-579 009 419
578-575 008 418
574 004 000
573-569 009 419
568-567 004 000
566-565 008 418
564-557 008 418
556-534 009 419
533-530 004 000
529-521 008 418
520-506 008 418
505-504 004 000
503-501 009 419
500-490 001 497
489-487 004 000
486 008 418
485-462 008 418
461-458 004 000
457 008 418
456-446 009 419
445-442 004 000
441-439 001 497
438-435 004 000
434-428 001 497
427-424 004 000
423-422 008 418
421-419 008 418
418-415 004 000
414 008 418
413-412 008 418
411-402 009 419
401-383 009 419
382-381 008 418
380-375 009 419
374-365 008 418
364-356 008 418
355-352 004 000
351-350 008 418
349-337 009 419
336-321 008 418
320-317 004 000
316-305 001 415
304 001 499
303-299 001 415
298 001 499
297-293 001 415
292 001 499
291-287 001 415
286 001 499
285-281 001 415
280 001 499
279-276 001 415
275 004 000
274-257 009 419
256-249 008 418
248-247 009 419
246-244 004 000
243-242 009 419
241-231 008 418
230-206 001 497
205-203 008 418
202-199 004 000
198-194 008 418
193 004 000
192-185 008 418
184-159 001 497
158-155 004 000
154-129 008 418
128-115 009 419
114-101 008 418
100-097 001 497
096-092 009 419
091-079 008 418
078-066 001 497
065-062 004 000
061-034 008 418
033-006 008 418
005-001 001 497
000 001 498
0032
31 0002
obj 00000 00000 31240 2105 scena
obj 00010 -0001 31120 4031 spdx2 05 03 05
30 0003
obj 00010 -0001 30960 4001 spdx3 05 03 05
obj 00010 -0001 30760 4032 spdx2 05 03 05
obj -0010 -0001 30200 4002 spdx3 05 03 05
29 0003
obj -0010 -0001 29680 4033 spdx2 05 03 05
obj -0010 -0001 29600 4034 spdx2 05 03 05
obj -0010 -0001 29000 4035 spdx2 05 03 05
28 0003
obj 00010 -0001 28760 4036 spdx2 05 03 05
obj -0010 -0001 28440 4037 spdx2 05 03 05
obj 00010 -0001 28400 4038 spdx2 05 03 05
27 0003
obj -0010 -0001 27720 4039 spdx2 05 03 05
obj -0010 -0001 27560 4040 spdx2 05 03 05
obj -0010 -0001 27200 4041 spdx2 05 03 05
26 0002
obj 00010 -0001 26800 4042 spdx2 05 03 05
obj 00010 -0001 26720 4003 spdx3 05 03 05
25 0004
obj 00010 -0001 25960 4004 spdx3 05 03 05
obj 00010 -0001 25720 4043 spdx2 05 03 05
obj 00010 -0001 25560 4044 spdx2 05 03 05
obj -0010 -0001 25160 4045 spdx2 05 03 05
24 0001
obj -0010 -0001 24200 4046 spdx2 05 03 05
23 0004
obj 00000 -0001 23920 4047 spdx2 05 03 05
obj 00010 -0001 23760 4048 spdx2 05 03 05
obj 00010 -0001 23280 4049 spdx2 05 03 05
obj 00010 -0001 23240 4005 spdx3 05 03 05
22 0002
obj 00010 -0001 22800 4050 spdx2 05 03 05
obj -0010 -0001 22360 4051 spdx2 05 03 05
21 0003
obj 00010 -0001 21920 4052 spdx2 05 03 05
obj 00010 -0001 21800 4053 spdx2 05 03 05
obj -0010 -0001 21040 4006 spdx3 05 03 05
20 0002
obj -0010 -0001 20640 4054 spdx2 05 03 05
obj -0010 -0001 20000 4055 spdx2 05 03 05
19 0003
obj 00000 -0001 19720 4056 spdx2 05 03 05
obj -0010 -0001 19600 4057 spdx2 05 03 05
obj -0010 -0001 19160 4058 spdx2 05 03 05
18 0003
obj -0010 -0001 18480 4007 spdx3 05 03 05
obj 00010 -0001 18200 4059 spdx2 05 03 05
obj 00010 -0001 18080 4060 spdx2 05 03 05
17 0002
obj 00000 -0001 17640 4061 spdx2 05 03 05
obj 00010 -0001 17560 4062 spdx2 05 03 05
16 0001
obj -0010 -0001 16480 4063 spdx2 05 03 05
15 0002
obj 00010 -0001 15800 4064 spdx2 05 03 05
obj -0010 -0001 15240 4065 spdx2 05 03 05
14 0003
obj -0010 -0001 14720 4066 spdx2 05 03 05
obj -0010 -0001 14640 4067 spdx2 05 03 05
obj -0010 -0001 14280 4008 spdx3 05 03 05
13 0006
obj 00010 -0001 13920 4009 spdx3 05 03 05
obj 00010 -0001 13680 4068 spdx2 05 03 05
obj 00010 -0001 13560 4069 spdx2 05 03 05
obj 00010 -0001 13520 4070 spdx2 05 03 05
obj -0010 -0001 13240 4071 spdx2 05 03 05
obj -0010 -0001 13080 4072 spdx2 05 03 05
12 0004
obj -0032 00000 12160 2288 mover 15 10 02 rl -0008 004
obj 00008 00000 12160 2289 mover 15 10 02 rl 00032 004
obj -0010 -0001 12960 4010 spdx3 05 03 05
obj 00000 -0001 12240 4073 spdx2 05 03 05
11 0009
obj -0008 00000 11920 2286 mover 15 10 02 lr -0032 004
obj 00032 00000 11920 2287 mover 15 10 02 lr 00008 004
obj -0032 00000 11680 2284 mover 15 10 02 rl -0008 004
obj 00008 00000 11680 2285 mover 15 10 02 rl 00032 004
obj -0008 00000 11440 2282 mover 15 10 02 lr -0032 004
obj 00032 00000 11440 2283 mover 15 10 02 lr 00008 004
obj -0032 00000 11200 2280 mover 15 10 02 rl -0008 004
obj 00008 00000 11200 2281 mover 15 10 02 rl 00032 004
obj -0010 -0001 11800 4074 spdx2 05 03 05
10 0006
obj 00010 -0001 10680 4075 spdx2 05 03 05
obj 00010 -0001 10480 4076 spdx2 05 03 05
obj 00010 -0001 10360 4077 spdx2 05 03 05
obj 00010 -0001 10320 4011 spdx3 05 03 05
obj -0010 -0001 10200 4078 spdx2 05 03 05
obj -0010 -0001 10080 4079 spdx2 05 03 05
09 0006
obj 00010 -0001 09920 4012 spdx3 05 03 05
obj -0010 -0001 09640 4080 spdx2 05 03 05
obj -0010 -0001 09480 4081 spdx2 05 03 05
obj -0010 -0001 09320 4082 spdx2 05 03 05
obj -0010 -0001 09280 4083 spdx2 05 03 05
obj -0010 -0001 09200 4084 spdx2 05 03 05
08 0002
obj 00010 -0001 08960 4013 spdx3 05 03 05
obj -0010 -0001 08760 4085 spdx2 05 03 05
07 0003
obj -0010 -0001 07880 4086 spdx2 05 03 05
obj -0010 -0001 07640 4087 spdx2 05 03 05
obj -0010 -0001 07240 4014 spdx3 05 03 05
06 0004
obj 00010 -0001 06960 4015 spdx3 05 03 05
obj 00010 -0001 06480 4088 spdx2 05 03 05
obj 00000 -0001 06400 4016 spdx3 05 03 05
obj -0010 -0001 06080 4089 spdx2 05 03 05
05 0003
obj -0010 -0001 05800 4090 spdx2 05 03 05
obj -0010 -0001 05760 4091 spdx2 05 03 05
obj -0010 -0001 05520 4092 spdx2 05 03 05
04 0001
obj 00010 -0001 04880 4093 spdx2 05 03 05
03 0003
obj -0010 -0001 03920 4094 spdx2 05 03 05
obj 00010 -0001 03680 4095 spdx2 05 03 05
obj -0010 -0001 03480 4096 spdx2 05 03 05
02 0003
obj -0010 -0001 02120 4097 spdx2 05 03 05
obj -0010 -0001 02080 4098 spdx2 05 03 05
obj -0010 -0001 02000 4099 spdx2 05 03 05
01 0001
obj -0010 -0001 01760 4100 spdx2 05 03 05
00 0009
obj -0010 -0001 00960 4101 spdx2 05 03 05
obj -0010 -0001 00840 4017 spdx3 05 03 05
obj -0010 -0001 00680 4102 spdx2 05 03 05
obj -0010 -0001 00640 4018 spdx3 05 03 05
obj -0010 -0001 00560 4019 spdx3 05 03 05
obj -0010 -0001 00520 4103 spdx2 05 03 05
obj -0010 -0001 00480 4104 spdx2 05 03 05
obj -0010 -0001 00000 4105 spdx2 05 03 05
obj 00000 00000 00040 2104 scena
