WORKING
sfondo_red.jpg
vortex 24
678
12.30
683 001 401
682 001 401
681 001 401
680-679 001 401
678 001 534
677-675 001 401
674 004 000
673-646 018 530
645-625 020 532
624-578 021 533
577-501 021 533
500 018 530
499-484 020 532
483-477 021 533
476-453 018 530
452-450 004 000
449-432 021 533
431-361 018 530
360-229 021 533
228-211 019 531
210-188 009 522
187-177 008 523
176-168 018 530
167-164 004 000
163-150 009 522
149-120 020 532
119-103 009 522
102-101 010 521
100-091 021 533
090-087 004 000
086-071 001 401
070-030 008 523
029-008 019 531
007-002 001 401
001 001 534
000 001 401
0027
26 0003
obj -0004 -0001 26880 4001 spdx3 05 03 05
obj -0012 -0001 26520 4300 jumpr 05 03 05
obj -0004 -0001 26360 4002 spdx3 05 03 05
25 0004
obj -0012 -0001 25920 4030 spdx2 05 03 05
obj -0015 -0001 25760 4301 jumpr 05 03 05
obj -0015 -0001 25160 4302 jumpr 05 03 05
obj -0015 -0001 25000 4303 jumpr 05 03 05
24 0005
obj 00015 -0001 24640 4031 spdx2 05 03 05
obj -0010 -0001 24440 4200 slowr 05 03 05
obj -0010 -0001 24320 4032 spdx2 05 03 05
obj 00015 -0001 24280 4201 slowr 05 03 05
obj -0010 -0001 24200 4003 spdx3 05 03 05
23 0007
obj -0010 -0001 23840 4004 spdx3 05 03 05
obj 00015 -0001 23760 4033 spdx2 05 03 05
obj 00015 -0001 23720 4034 spdx2 05 03 05
obj -0010 -0001 23440 4005 spdx3 05 03 05
obj 00015 -0001 23240 4035 spdx2 05 03 05
obj 00015 -0001 23200 4304 jumpr 05 03 05
obj -0010 -0001 23040 4036 spdx2 05 03 05
22 0009
obj -0010 -0001 22920 4037 spdx2 05 03 05
obj 00015 -0001 22880 4202 slowr 05 03 05
obj -0010 -0001 22800 4038 spdx2 05 03 05
obj 00015 -0001 22640 4039 spdx2 05 03 05
obj -0010 -0001 22440 4040 spdx2 05 03 05
obj -0010 -0001 22280 4006 spdx3 05 03 05
obj -0010 -0001 22240 4041 spdx2 05 03 05
obj -0010 -0001 22160 4203 slowr 05 03 05
obj 00015 -0001 22120 4305 jumpr 05 03 05
21 0006
obj -0010 -0001 21880 4204 slowr 05 03 05
obj 00015 -0001 21680 4007 spdx3 05 03 05
obj 00015 -0001 21640 4205 slowr 05 03 05
obj -0010 -0001 21480 4008 spdx3 05 03 05
obj 00015 -0001 21360 4009 spdx3 05 03 05
obj 00015 -0001 21040 4010 spdx3 05 03 05
20 0009
obj -0010 -0001 20960 4206 slowr 05 03 05
obj -0010 -0001 20880 4306 jumpr 05 03 05
obj 00015 -0001 20680 4207 slowr 05 03 05
obj 00015 -0001 20560 4042 spdx2 05 03 05
obj 00015 -0001 20400 4011 spdx3 05 03 05
obj -0010 -0001 20360 4012 spdx3 05 03 05
obj -0010 -0001 20320 4307 jumpr 05 03 05
obj -0010 -0001 20240 4013 spdx3 05 03 05
obj -0004 -0001 20000 4043 spdx2 05 03 05
19 0004
obj 00010 -0001 19960 4208 slowr 05 03 05
obj 00010 -0001 19880 4044 spdx2 05 03 05
obj -0010 -0001 19280 4209 slowr 05 03 05
obj -0010 -0001 19200 4210 slowr 05 03 05
18 0004
obj -0012 -0001 18840 4308 jumpr 05 03 05
obj -0012 -0001 18680 4045 spdx2 05 03 05
obj -0012 -0001 18280 4014 spdx3 05 03 05
obj -0004 -0001 18200 4211 slowr 05 03 05
17 0006
obj 00015 -0001 17920 4212 slowr 05 03 05
obj -0010 -0001 17800 4046 spdx2 05 03 05
obj -0010 -0001 17480 4015 spdx3 05 03 05
obj -0010 -0001 17320 4213 slowr 05 03 05
obj -0004 -0001 17200 4214 slowr 05 03 05
obj -0004 -0001 17160 4047 spdx2 05 03 05
16 0003
obj -0004 -0001 16840 4215 slowr 05 03 05
obj -0012 -0001 16600 4216 slowr 05 03 05
obj -0012 -0001 16200 4016 spdx3 05 03 05
15 0006
obj -0004 -0001 15960 4017 spdx3 05 03 05
obj -0012 -0001 15800 4217 slowr 05 03 05
obj -0004 -0001 15440 4309 jumpr 05 03 05
obj -0004 -0001 15080 4310 jumpr 05 03 05
obj -0004 -0001 15040 4311 jumpr 05 03 05
obj -0012 -0001 15000 4018 spdx3 05 03 05
14 0001
obj -0004 -0001 14440 4312 jumpr 05 03 05
13 0004
obj 00015 -0001 13560 4313 jumpr 05 03 05
obj -0010 -0001 13480 4314 jumpr 05 03 05
obj 00015 -0001 13280 4315 jumpr 05 03 05
obj -0010 -0001 13040 4316 jumpr 05 03 05
12 0005
obj -0010 -0001 12920 4317 jumpr 05 03 05
obj 00015 -0001 12880 4019 spdx3 05 03 05
obj -0010 -0001 12640 4318 jumpr 05 03 05
obj 00015 -0001 12560 4319 jumpr 05 03 05
obj -0010 -0001 12480 4218 slowr 05 03 05
11 0004
obj -0010 -0001 11760 4048 spdx2 05 03 05
obj -0010 -0001 11480 4020 spdx3 05 03 05
obj -0010 -0001 11360 4021 spdx3 05 03 05
obj -0010 -0001 11080 4022 spdx3 05 03 05
10 0006
obj 00015 -0001 10960 4049 spdx2 05 03 05
obj -0010 -0001 10840 4219 slowr 05 03 05
obj -0010 -0001 10400 4220 slowr 05 03 05
obj -0010 -0001 10160 4221 slowr 05 03 05
obj -0010 -0001 10120 4050 spdx2 05 03 05
obj -0010 -0001 10080 4222 slowr 05 03 05
09 0007
obj -0010 -0001 09880 4023 spdx3 05 03 05
obj -0010 -0001 09840 4051 spdx2 05 03 05
obj -0010 -0001 09800 4223 slowr 05 03 05
obj -0010 -0001 09640 4224 slowr 05 03 05
obj -0010 -0001 09440 4225 slowr 05 03 05
obj -0010 -0001 09240 4226 slowr 05 03 05
obj 00012 -0001 09080 4024 spdx3 05 03 05
08 0006
obj 00012 -0001 08720 4227 slowr 05 03 05
obj 00004 -0001 08640 4052 spdx2 05 03 05
obj 00004 -0001 08440 4025 spdx3 05 03 05
obj 00010 -0001 08400 4053 spdx2 05 03 05
obj 00010 -0001 08320 4026 spdx3 05 03 05
obj 00010 -0001 08000 4228 slowr 05 03 05
07 0003
obj 00010 -0001 07600 4054 spdx2 05 03 05
obj 00010 -0001 07560 4229 slowr 05 03 05
obj -0010 -0001 07280 4027 spdx3 05 03 05
06 0005
obj -0012 -0001 06920 4055 spdx2 05 03 05
obj -0012 -0001 06720 4230 slowr 05 03 05
obj 00010 -0001 06360 4320 jumpr 05 03 05
obj 00010 -0001 06200 4028 spdx3 05 03 05
obj 00010 -0001 06000 4231 slowr 05 03 05
05 0006
obj -0015 -0001 05880 4029 spdx3 05 03 05
obj 00010 -0001 05800 4232 slowr 05 03 05
obj 00010 -0001 05760 4056 spdx2 05 03 05
obj -0015 -0001 05680 4233 slowr 05 03 05
obj -0015 -0001 05560 4057 spdx2 05 03 05
obj -0015 -0001 05480 4321 jumpr 05 03 05
04 0007
obj 00010 -0001 04880 4234 slowr 05 03 05
obj 00010 -0001 04720 4030 spdx3 05 03 05
obj 00010 -0001 04480 4235 slowr 05 03 05
obj 00010 -0001 04400 4070 spdx2 05 03 05
obj 00010 -0001 04280 4058 spdx2 05 03 05
obj 00010 -0001 04200 4236 slowr 05 03 05
obj 00010 -0001 04160 4322 jumpr 05 03 05
03 0006
obj -0010 -0001 03840 4059 spdx2 05 03 05
obj 00015 -0001 03680 4237 slowr 05 03 05
obj -0010 -0001 03640 4069 spdx2 05 03 05
obj -0010 -0001 03320 4060 spdx2 05 03 05
obj 00010 -0001 03160 4061 spdx2 05 03 05
obj 00000 -0001 03000 4062 spdx2 05 03 05
02 0006
obj -0010 -0001 02640 4063 spdx2 05 03 05
obj -0010 -0001 02600 4238 slowr 05 03 05
obj -0010 -0001 02480 4064 spdx2 05 03 05
obj -0010 -0001 02440 4065 spdx2 05 03 05
obj -0010 -0001 02240 4323 jumpr 05 03 05
obj -0010 -0001 02080 4068 spdx2 05 03 05
01 0005
obj -0010 -0001 01960 4324 jumpr 05 03 05
obj -0010 -0001 01880 4239 slowr 05 03 05
obj -0010 -0001 01800 4066 spdx2 05 03 05
obj -0010 -0001 01680 4067 spdx2 05 03 05
obj -0010 -0001 01400 4325 jumpr 05 03 05
00 0002
obj 00004 -0001 00840 4240 slowr 05 03 05
obj 00004 -0001 00720 4241 slowr 05 03 05
