WORKING
sfondo_red.jpg
vortex 24
681
12.30
687 001 401
686-682 001 401
681 001 534
680-679 001 401
678-645 012 524
644-562 012 524
561-498 015 527
497 011 520
496-493 004 000
492-491 016 528
490-352 019 531
351-348 004 000
347-294 015 527
293-279 021 533
278-251 016 528
250-247 004 000
246-242 017 529
241-227 001 401
226-216 021 533
215-212 004 000
211-189 015 527
188-187 008 523
186 014 526
185 014 526
184-150 013 525
149-072 009 522
071-048 012 524
047-036 014 526
035-006 018 530
005-002 001 401
001 001 534
000 001 401
0027
26 0009
obj -0015 -0001 26920 4031 spdx2 05 03 05
obj -0015 -0001 26760 4032 spdx2 05 03 05
obj -0015 -0001 26720 4033 spdx2 05 03 05
obj -0015 -0001 26560 4034 spdx2 05 03 05
obj -0015 -0001 26480 4035 spdx2 05 03 05
obj -0015 -0001 26440 4036 spdx2 05 03 05
obj -0015 -0001 26400 4037 spdx2 05 03 05
obj -0015 -0001 26200 4038 spdx2 05 03 05
obj -0015 -0001 26040 4001 spdx3 05 03 05
25 0003
obj -0015 -0001 25920 4039 spdx2 05 03 05
obj -0015 -0001 25320 4040 spdx2 05 03 05
obj -0015 -0001 25240 4041 spdx2 05 03 05
24 0003
obj -0015 -0001 24720 4002 spdx3 05 03 05
obj -0015 -0001 24600 4042 spdx2 05 03 05
obj -0015 -0001 24520 4043 spdx2 05 03 05
23 0001
obj -0015 -0001 23360 4044 spdx2 05 03 05
22 0006
obj -0015 -0001 22920 4045 spdx2 05 03 05
obj -0015 -0001 22880 4003 spdx3 05 03 05
obj -0015 -0001 22800 4046 spdx2 05 03 05
obj -0015 -0001 22720 4047 spdx2 05 03 05
obj 00015 -0001 22280 4004 spdx3 05 03 05
obj 00015 -0001 22080 4005 spdx3 05 03 05
21 0001
obj 00015 -0001 21880 4048 spdx2 05 03 05
20 0002
obj 00015 -0001 20720 4049 spdx2 05 03 05
obj 00015 -0001 20280 4050 spdx2 05 03 05
19 0002
obj 00004 -0001 19400 4006 spdx3 05 03 05
obj 00004 -0001 19120 4051 spdx2 05 03 05
18 0003
obj 00004 -0001 18880 4052 spdx2 05 03 05
obj 00004 -0001 18800 4053 spdx2 05 03 05
obj 00004 -0001 18320 4054 spdx2 05 03 05
17 0004
obj 00012 -0001 17840 4055 spdx2 05 03 05
obj 00004 -0001 17640 4056 spdx2 05 03 05
obj 00004 -0001 17480 4057 spdx2 05 03 05
obj 00004 -0001 17000 4058 spdx2 05 03 05
16 0003
obj 00012 -0001 16680 4007 spdx3 05 03 05
obj 00004 -0001 16400 4059 spdx2 05 03 05
obj 00012 -0001 16320 4060 spdx2 05 03 05
15 0003
obj 00004 -0001 15520 4061 spdx2 05 03 05
obj 00004 -0001 15400 4062 spdx2 05 03 05
obj 00004 -0001 15120 4063 spdx2 05 03 05
14 0004
obj 00012 -0001 14920 4064 spdx2 05 03 05
obj 00004 -0001 14880 4065 spdx2 05 03 05
obj 00004 -0001 14760 4066 spdx2 05 03 05
obj 00012 -0001 14120 4067 spdx2 05 03 05
13 0004
obj 00015 -0001 13800 4068 spdx2 05 03 05
obj 00015 -0001 13320 4069 spdx2 05 03 05
obj 00015 -0001 13240 4070 spdx2 05 03 05
obj 00015 -0001 13080 4008 spdx3 05 03 05
12 0003
obj 00015 -0001 12600 4009 spdx3 05 03 05
obj 00015 -0001 12520 4071 spdx2 05 03 05
obj 00015 -0001 12200 4072 spdx2 05 03 05
11 0004
obj 00015 -0001 11960 4010 spdx3 05 03 05
obj 00015 -0001 11880 4073 spdx2 05 03 05
obj 00015 -0001 11840 4074 spdx2 05 03 05
obj -0010 -0001 11240 4011 spdx3 05 03 05
10 0002
obj 00005 -0001 10840 4075 spdx2 05 03 05
obj -0015 -0001 10280 4076 spdx2 05 03 05
09 0005
obj 00015 -0001 09840 4077 spdx2 05 03 05
obj 00000 -0001 09640 4078 spdx2 05 03 05
obj -0010 -0001 09560 4079 spdx2 05 03 05
obj 00010 -0001 09520 4080 spdx2 05 03 05
obj 00000 -0001 09160 4081 spdx2 05 03 05
08 0002
obj -0010 -0001 08800 4082 spdx2 05 03 05
obj -0010 -0001 08640 4083 spdx2 05 03 05
07 0004
obj 00015 -0001 07840 4012 spdx3 05 03 05
obj 00015 -0001 07640 4084 spdx2 05 03 05
obj -0010 -0001 07480 4013 spdx3 05 03 05
obj 00005 -0001 07440 4014 spdx3 05 03 05
06 0003
obj -0005 -0001 06880 4085 spdx2 05 03 05
obj -0005 -0001 06080 4086 spdx2 05 03 05
obj -0005 -0001 06040 4015 spdx3 05 03 05
05 0003
obj 00010 -0001 05680 4087 spdx2 05 03 05
obj 00010 -0001 05560 4088 spdx2 05 03 05
obj 00010 -0001 05000 4089 spdx2 05 03 05
04 0002
obj 00010 -0001 04720 4016 spdx3 05 03 05
obj 00010 -0001 04240 4017 spdx3 05 03 05
03 0002
obj 00010 -0001 03480 4090 spdx2 05 03 05
obj 00010 -0001 03400 4091 spdx2 05 03 05
02 0002
obj -0015 -0001 02640 4092 spdx2 05 03 05
obj -0015 -0001 02320 4093 spdx2 05 03 05
01 0002
obj 00005 -0001 01800 4094 spdx2 05 03 05
obj -0004 -0001 01400 4095 spdx2 05 03 05
00 0003
obj -0004 -0001 00480 4018 spdx3 05 03 05
obj -0012 -0001 00360 4019 spdx3 05 03 05
obj -0012 -0001 00240 4096 spdx2 05 03 05
