WORKING
sfondo_sky.jpg
vortex 23
481
12.30
487 001 401
486-482 001 401
481 001 534
480 001 401
479-476 015 527
475-474 004 000
473-460 015 527
459-449 019 531
448-417 001 401
416-413 004 000
412-406 015 527
405-402 004 000
401-395 021 533
394-378 012 524
377-331 013 525
330-290 010 521
289-275 008 523
274-271 004 000
270-198 018 530
197-187 010 521
186-183 004 000
182-179 008 523
178-152 001 401
151-148 004 000
147-134 010 521
133-053 020 532
052-013 020 532
012-002 001 401
009-002 001 401
001 001 534
000 001 401
0020
19 0001
obj 00015 -0001 19080 4031 spdx2 05 03 05
18 0002
obj 00015 -0001 18760 4032 spdx2 05 03 05
obj 00004 -0001 18200 4033 spdx2 05 03 05
17 0005
obj 00010 -0001 17840 4034 spdx2 05 03 05
obj 00010 -0001 17760 4035 spdx2 05 03 05
obj 00010 -0001 17600 4001 spdx3 05 03 05
obj -0010 -0001 17520 4036 spdx2 05 03 05
obj 00010 -0001 17440 4037 spdx2 05 03 05
16 0001
obj 00015 -0001 16240 4038 spdx2 05 03 05
15 0005
obj -0010 -0001 15880 4039 spdx2 05 03 05
obj -0010 -0001 15840 4040 spdx2 05 03 05
obj -0015 -0001 15320 4041 spdx2 05 03 05
obj -0015 -0001 15240 4042 spdx2 05 03 05
obj -0015 -0001 15160 4043 spdx2 05 03 05
14 0002
obj -0004 -0001 14960 4044 spdx2 05 03 05
obj -0004 -0001 14360 4045 spdx2 05 03 05
13 0001
obj -0005 -0001 13400 4046 spdx2 05 03 05
12 0003
obj 00000 -0001 12720 4002 spdx3 05 03 05
obj 00000 -0001 12280 4047 spdx2 05 03 05
obj 00000 -0001 12240 4048 spdx2 05 03 05
11 0005
obj 00000 -0001 11960 4049 spdx2 05 03 05
obj -0010 -0001 11520 4050 spdx2 05 03 05
obj -0010 -0001 11480 4003 spdx3 05 03 05
obj -0010 -0001 11280 4004 spdx3 05 03 05
obj -0010 -0001 11120 4051 spdx2 05 03 05
10 0002
obj -0012 -0001 10560 4052 spdx2 05 03 05
obj -0004 -0001 10480 4053 spdx2 05 03 05
09 0005
obj -0004 -0001 09920 4005 spdx3 05 03 05
obj -0012 -0001 09840 4054 spdx2 05 03 05
obj -0004 -0001 09720 4055 spdx2 05 03 05
obj -0004 -0001 09520 4056 spdx2 05 03 05
obj -0004 -0001 09480 4057 spdx2 05 03 05
08 0003
obj -0004 -0001 08960 4058 spdx2 05 03 05
obj -0004 -0001 08880 4059 spdx2 05 03 05
obj -0004 -0001 08360 4060 spdx2 05 03 05
07 0004
obj -0004 -0001 07920 4061 spdx2 05 03 05
obj 00000 -0001 07840 4062 spdx2 05 03 05
obj 00000 -0001 07640 4006 spdx3 05 03 05
obj -0010 -0001 07200 4007 spdx3 05 03 05
06 0002
obj 00000 -0001 06920 4063 spdx2 05 03 05
obj 00000 -0001 06360 4008 spdx3 05 03 05
05 0002
obj -0015 -0001 05240 4064 spdx2 05 03 05
obj -0015 -0001 05120 4065 spdx2 05 03 05
04 0005
obj -0015 -0001 04840 4009 spdx3 05 03 05
obj 00010 -0001 04680 4010 spdx3 05 03 05
obj -0015 -0001 04560 4011 spdx3 05 03 05
obj -0015 -0001 04480 4066 spdx2 05 03 05
obj -0015 -0001 04400 4067 spdx2 05 03 05
03 0002
obj -0015 -0001 03560 4068 spdx2 05 03 05
obj 00010 -0001 03120 4069 spdx2 05 03 05
02 0002
obj 00010 -0001 02600 4012 spdx3 05 03 05
obj 00010 -0001 02520 4070 spdx2 05 03 05
01 0004
obj -0015 -0001 01920 4071 spdx2 05 03 05
obj -0015 -0001 01480 4072 spdx2 05 03 05
obj -0015 -0001 01360 4013 spdx3 05 03 05
obj -0015 -0001 01200 4014 spdx3 05 03 05
00 0005
obj -0015 -0001 00520 4073 spdx2 05 03 05
obj -0015 -0001 00480 4074 spdx2 05 03 05
obj -0015 -0001 00440 4075 spdx2 05 03 05
obj -0015 -0001 00400 4076 spdx2 05 03 05
obj -0015 -0001 00240 4015 spdx3 05 03 05
