WORKING
sfondo_red.jpg
vortex 23
778
12.30
783 001 401
782 001 401
781 001 401
780-779 001 401
778 001 534
777 004 000
776-755 010 521
754-751 004 000
750-737 009 522
736-729 008 523
728-715 010 521
714-710 010 521
709-686 010 521
685-680 018 530
679-677 010 521
676-637 018 530
636-613 010 521
612-594 008 523
593 010 521
592-586 008 523
585-559 019 531
558-536 001 401
535-532 009 522
531-516 018 530
515-432 019 531
431-429 018 530
428-425 004 000
424-403 009 522
402-377 019 531
376-366 010 521
365-364 004 000
363-347 019 531
346-343 004 000
342-308 001 401
307-303 018 530
302-296 009 522
295-284 018 530
283-282 004 000
281-280 010 521
279-269 010 521
268-157 008 523
156-104 019 531
103-100 004 000
099-080 008 523
079-059 018 530
058-051 009 522
050-046 001 401
045-034 008 523
033-016 008 523
015-012 004 000
011-005 019 531
004-002 001 401
001 001 534
000 001 401
0031
30 0003
obj 00000 -0001 30800 4031 spdx2 05 03 05
obj 00000 -0001 30560 4001 spdx3 05 03 05
obj 00000 -0001 30200 4300 jumpr 05 03 05
29 0003
obj -0010 -0001 29360 4301 jumpr 05 03 05
obj -0010 -0001 29240 4002 spdx3 05 03 05
obj 00000 -0001 29000 4032 spdx2 05 03 05
28 0004
obj 00000 -0001 28640 4302 jumpr 05 03 05
obj 00000 -0001 28600 4003 spdx3 05 03 05
obj 00000 -0001 28520 4004 spdx3 05 03 05
obj 00000 -0001 28280 4033 spdx2 05 03 05
27 0003
obj 00000 -0001 27920 4303 jumpr 05 03 05
obj -0004 -0001 27360 4304 jumpr 05 03 05
obj -0004 -0001 27200 4305 jumpr 05 03 05
26 0004
obj -0004 -0001 26800 4306 jumpr 05 03 05
obj -0004 -0001 26560 4307 jumpr 05 03 05
obj -0004 -0001 26440 4308 jumpr 05 03 05
obj -0012 -0001 26120 4005 spdx3 05 03 05
25 0006
obj -0012 -0001 25640 4006 spdx3 05 03 05
obj 00000 -0001 25400 4309 jumpr 05 03 05
obj 00000 -0001 25360 4034 spdx2 05 03 05
obj 00000 -0001 25240 4035 spdx2 05 03 05
obj 00000 -0001 25120 4310 jumpr 05 03 05
obj 00000 -0001 25080 4311 jumpr 05 03 05
24 0006
obj 00000 -0001 24960 4312 jumpr 05 03 05
obj 00000 -0001 24600 4007 spdx3 05 03 05
obj -0010 -0001 24440 4313 jumpr 05 03 05
obj -0010 -0001 24360 4314 jumpr 05 03 05
obj -0010 -0001 24240 4315 jumpr 05 03 05
obj -0010 -0001 24080 4316 jumpr 05 03 05
23 0007
obj -0010 -0001 23920 4008 spdx3 05 03 05
obj -0010 -0001 23840 4317 jumpr 05 03 05
obj -0010 -0001 23640 4036 spdx2 05 03 05
obj -0010 -0001 23560 4318 jumpr 05 03 05
obj 00012 -0001 23320 4319 jumpr 05 03 05
obj 00012 -0001 23080 4009 spdx3 05 03 05
obj 00012 -0001 23040 4320 jumpr 05 03 05
22 0002
obj 00004 -0001 22680 4010 spdx3 05 03 05
obj 00004 -0001 22480 4321 jumpr 05 03 05
21 0006
obj 00000 -0001 21800 4037 spdx2 05 03 05
obj 00010 -0001 21760 4322 jumpr 05 03 05
obj 00000 -0001 21640 4038 spdx2 05 03 05
obj 00010 -0001 21400 4323 jumpr 05 03 05
obj 00010 -0001 21360 4324 jumpr 05 03 05
obj -0012 -0001 21120 4039 spdx2 05 03 05
20 0005
obj -0004 -0001 20880 4325 jumpr 05 03 05
obj 00012 -0001 20280 4011 spdx3 05 03 05
obj 00004 -0001 20200 4012 spdx3 05 03 05
obj 00012 -0001 20040 4013 spdx3 05 03 05
obj 00004 -0001 20000 4326 jumpr 05 03 05
19 0003
obj 00012 -0001 19440 4327 jumpr 05 03 05
obj 00004 -0001 19320 4328 jumpr 05 03 05
obj 00004 -0001 19120 4040 spdx2 05 03 05
18 0004
obj 00012 -0001 18520 4329 jumpr 05 03 05
obj 00012 -0001 18360 4330 jumpr 05 03 05
obj 00012 -0001 18240 4014 spdx3 05 03 05
obj 00004 -0001 18040 4331 jumpr 05 03 05
17 0002
obj 00012 -0001 17480 4332 jumpr 05 03 05
obj -0012 -0001 17160 4041 spdx2 05 03 05
16 0005
obj 00010 -0001 16800 4042 spdx2 05 03 05
obj 00010 -0001 16640 4333 jumpr 05 03 05
obj 00010 -0001 16400 4334 jumpr 05 03 05
obj 00010 -0001 16320 4043 spdx2 05 03 05
obj 00010 -0001 16200 4335 jumpr 05 03 05
15 0005
obj 00004 -0001 15760 4015 spdx3 05 03 05
obj 00012 -0001 15600 4336 jumpr 05 03 05
obj 00004 -0001 15520 4044 spdx2 05 03 05
obj 00004 -0001 15440 4337 jumpr 05 03 05
obj 00004 -0001 15080 4016 spdx3 05 03 05
14 0003
obj 00000 -0001 14800 4017 spdx3 05 03 05
obj 00012 -0001 14280 4338 jumpr 05 03 05
obj 00004 -0001 14160 4018 spdx3 05 03 05
13 0001
obj -0010 -0001 13200 4019 spdx3 05 03 05
12 0005
obj -0010 -0001 12960 4020 spdx3 05 03 05
obj 00000 -0001 12800 4339 jumpr 05 03 05
obj -0010 -0001 12680 4340 jumpr 05 03 05
obj 00010 -0001 12080 4341 jumpr 05 03 05
obj 00010 -0001 12000 4342 jumpr 05 03 05
11 0006
obj 00010 -0001 11840 4045 spdx2 05 03 05
obj -0004 -0001 11800 4046 spdx2 05 03 05
obj -0012 -0001 11760 4021 spdx3 05 03 05
obj -0012 -0001 11560 4343 jumpr 05 03 05
obj -0004 -0001 11400 4047 spdx2 05 03 05
obj 00000 -0001 11240 4022 spdx3 05 03 05
10 0004
obj -0010 -0001 10480 4344 jumpr 05 03 05
obj -0010 -0001 10360 4048 spdx2 05 03 05
obj -0010 -0001 10280 4023 spdx3 05 03 05
obj -0010 -0001 10200 4024 spdx3 05 03 05
09 0002
obj -0010 -0001 09960 4345 jumpr 05 03 05
obj -0010 -0001 09280 4346 jumpr 05 03 05
08 0004
obj -0010 -0001 08760 4347 jumpr 05 03 05
obj -0010 -0001 08640 4348 jumpr 05 03 05
obj -0010 -0001 08600 4049 spdx2 05 03 05
obj -0010 -0001 08520 4349 jumpr 05 03 05
07 0004
obj -0010 -0001 07480 4050 spdx2 05 03 05
obj -0010 -0001 07200 4350 jumpr 05 03 05
obj -0010 -0001 07120 4351 jumpr 05 03 05
obj -0010 -0001 07080 4352 jumpr 05 03 05
06 0005
obj -0010 -0001 06880 4353 jumpr 05 03 05
obj -0010 -0001 06800 4354 jumpr 05 03 05
obj -0010 -0001 06480 4355 jumpr 05 03 05
obj -0010 -0001 06280 4025 spdx3 05 03 05
obj 00004 -0001 06080 4356 jumpr 05 03 05
05 0006
obj 00012 -0001 05920 4357 jumpr 05 03 05
obj 00012 -0001 05880 4358 jumpr 05 03 05
obj 00012 -0001 05800 4026 spdx3 05 03 05
obj 00004 -0001 05760 4359 jumpr 05 03 05
obj 00004 -0001 05360 4360 jumpr 05 03 05
obj 00004 -0001 05000 4051 spdx2 05 03 05
04 0003
obj 00004 -0001 04240 4052 spdx2 05 03 05
obj 00004 -0001 04200 4053 spdx2 05 03 05
obj 00004 -0001 04160 4054 spdx2 05 03 05
03 0006
obj -0010 -0001 03720 4055 spdx2 05 03 05
obj -0010 -0001 03600 4056 spdx2 05 03 05
obj -0010 -0001 03480 4057 spdx2 05 03 05
obj -0010 -0001 03440 4361 jumpr 05 03 05
obj -0010 -0001 03280 4058 spdx2 05 03 05
obj -0004 -0001 03120 4027 spdx3 05 03 05
02 0003
obj -0012 -0001 02880 4362 jumpr 05 03 05
obj -0004 -0001 02600 4363 jumpr 05 03 05
obj -0012 -0001 02560 4364 jumpr 05 03 05
01 0005
obj -0010 -0001 01600 4365 jumpr 05 03 05
obj -0010 -0001 01400 4366 jumpr 05 03 05
obj -0010 -0001 01280 4059 spdx2 05 03 05
obj -0010 -0001 01240 4367 jumpr 05 03 05
obj -0010 -0001 01040 4028 spdx3 05 03 05
00 0002
obj -0010 -0001 00840 4060 spdx2 05 03 05
obj 00012 -0001 00320 4368 jumpr 05 03 05
