WORKING
sfondo_red.jpg
vortex 04
681
12.30
687 001 401
686-682 001 401
681 001 534
680-676 001 401
675-627 018 530
626-612 016 528
611-608 004 000
607-589 008 523
588-586 015 527
585-574 001 401
573-561 016 528
560-559 004 000
558-551 001 401
550-461 001 401
460-420 018 530
419-416 004 000
415-368 013 525
367-364 004 000
363-347 021 533
346-341 009 522
340-337 004 000
336-310 018 530
309-277 018 530
276-273 004 000
272-254 020 532
253-171 014 526
170-167 004 000
166-164 015 527
163-036 020 532
035-032 004 000
031-016 020 532
015-011 020 532
010-002 001 401
001 001 534
000 001 401
0026
25 0002
obj -0004 -0001 25720 4031 spdx2 05 03 05
obj -0004 -0001 25680 4032 spdx2 05 03 05
24 0005
obj -0032 00000 24380 2288 mover 15 10 02 rl -0008 004
obj 00008 00000 24380 2289 mover 15 10 02 rl 00032 004
obj -0015 -0001 24720 4033 spdx2 05 03 05
obj -0015 -0001 24560 4034 spdx2 05 03 05
obj -0010 -0001 24280 4035 spdx2 05 03 05
23 0001
obj 00010 -0001 23320 4036 spdx2 05 03 05
22 0009
obj -0032 00000 22380 2286 mover 15 10 02 rl -0008 004
obj 00008 00000 22380 2287 mover 15 10 02 rl 00032 004
obj 00010 -0001 22960 4037 spdx2 05 03 05
obj -0015 -0001 22840 4001 spdx3 05 03 05
obj -0015 -0001 22720 4038 spdx2 05 03 05
obj 00005 -0001 22560 4039 spdx2 05 03 05
obj 00005 -0001 22520 4040 spdx2 05 03 05
obj 00005 -0001 22440 4002 spdx3 05 03 05
obj 00010 -0001 22000 4041 spdx2 05 03 05
21 0006
obj 00000 -0001 21960 4042 spdx2 05 03 05
obj -0010 -0001 21920 4043 spdx2 05 03 05
obj 00010 -0001 21600 4003 spdx3 05 03 05
obj -0010 -0001 21560 4044 spdx2 05 03 05
obj -0010 -0001 21400 4045 spdx2 05 03 05
obj 00010 -0001 21160 4046 spdx2 05 03 05
20 0002
obj -0010 -0001 20720 4047 spdx2 05 03 05
obj -0010 -0001 20080 4048 spdx2 05 03 05
19 0001
obj 00000 -0001 19240 4004 spdx3 05 03 05
18 0002
obj -0010 -0001 18880 4049 spdx2 05 03 05
obj 00000 -0001 18680 4050 spdx2 05 03 05
17 0002
obj -0004 -0001 17680 4051 spdx2 05 03 05
obj -0004 -0001 17560 4052 spdx2 05 03 05
16 0003
obj -0032 00000 16700 2284 mover 15 10 02 rl -0008 004
obj 00008 00000 16700 2285 mover 15 10 02 rl 00032 004
obj -0005 -0001 16560 4053 spdx2 05 03 05
15 0006
obj -0005 -0001 15960 4054 spdx2 05 03 05
obj -0005 -0001 15760 4055 spdx2 05 03 05
obj -0005 -0001 15720 4056 spdx2 05 03 05
obj -0005 -0001 15640 4005 spdx3 05 03 05
obj -0005 -0001 15400 4006 spdx3 05 03 05
obj -0005 -0001 15000 4057 spdx2 05 03 05
14 0001
obj -0010 -0001 14520 4058 spdx2 05 03 05
13 0004
obj -0032 00000 13540 2282 mover 15 10 02 rl -0008 004
obj 00008 00000 13540 2283 mover 15 10 02 rl 00032 004
obj 00010 -0001 13720 4007 spdx3 05 03 05
obj -0004 -0001 13120 4059 spdx2 05 03 05
12 0003
obj -0004 -0001 12960 4060 spdx2 05 03 05
obj -0004 -0001 12520 4061 spdx2 05 03 05
obj -0004 -0001 12480 4008 spdx3 05 03 05
11 0004
obj -0004 -0001 11840 4062 spdx2 05 03 05
obj -0004 -0001 11800 4063 spdx2 05 03 05
obj -0004 -0001 11360 4064 spdx2 05 03 05
obj -0004 -0001 11120 4065 spdx2 05 03 05
10 0002
obj 00010 -0001 10520 4066 spdx2 05 03 05
obj -0015 -0001 10400 4067 spdx2 05 03 05
09 0002
obj 00005 -0001 09960 4068 spdx2 05 03 05
obj 00005 -0001 09480 4069 spdx2 05 03 05
08 0002
obj 00005 -0001 08320 4070 spdx2 05 03 05
obj 00005 -0001 08000 4071 spdx2 05 03 05
07 0006
obj 00005 -0001 07960 4072 spdx2 05 03 05
obj 00005 -0001 07920 4073 spdx2 05 03 05
obj 00005 -0001 07560 4074 spdx2 05 03 05
obj 00005 -0001 07360 4009 spdx3 05 03 05
obj 00005 -0001 07240 4075 spdx2 05 03 05
obj 00005 -0001 07040 4076 spdx2 05 03 05
06 0004
obj -0032 00000 06740 2280 mover 15 10 02 rl -0008 004
obj 00008 00000 06740 2281 mover 15 10 02 rl 00032 004
obj -0015 -0001 06360 4077 spdx2 05 03 05
obj -0015 -0001 06280 4078 spdx2 05 03 05
05 0003
obj 00010 -0001 05760 4079 spdx2 05 03 05
obj 00010 -0001 05480 4080 spdx2 05 03 05
obj -0015 -0001 05280 4081 spdx2 05 03 05
04 0001
obj -0015 -0001 04200 4082 spdx2 05 03 05
03 0002
obj -0015 -0001 03280 4010 spdx3 05 03 05
obj 00010 -0001 03120 4083 spdx2 05 03 05
02 0002
obj -0015 -0001 02720 4011 spdx3 05 03 05
obj -0015 -0001 02560 4012 spdx3 05 03 05
01 0003
obj 00010 -0001 01760 4084 spdx2 05 03 05
obj 00010 -0001 01720 4085 spdx2 05 03 05
obj -0015 -0001 01000 4086 spdx2 05 03 05
00 0003
obj -0015 -0001 00560 4013 spdx3 05 03 05
obj -0015 -0001 00440 4014 spdx3 05 03 05
obj 00015 -0001 00160 4087 spdx2 05 03 05
