WORKING
sfondo_sky.jpg
vortex 22
478
12.30
483 001 401
482 001 401
481 001 401
480 001 401
479-479 001 401
478 001 534
477-472 001 401
471-462 001 401
461-449 009 522
448-440 008 523
439-416 008 523
415-412 021 533
411-410 008 523
409-399 008 523
398-385 008 523
384-370 009 522
369-357 001 401
356-347 008 523
346-342 008 523
341-323 020 532
322-320 018 530
319 001 401
318-312 001 401
311-308 004 000
307-292 001 401
291 001 401
290-288 009 522
287-280 020 532
279-266 001 401
265 008 523
264-263 009 522
262-256 008 523
255-252 004 000
251-234 001 401
233-229 010 521
228-221 009 522
220-215 010 521
214-204 009 522
203-194 001 401
193-189 018 530
188-178 018 530
177-161 018 530
160-157 004 000
156-147 019 531
146-132 010 521
131-124 008 523
123-120 004 000
119-112 018 530
111-110 004 000
109-095 019 531
094-088 009 522
087-085 010 521
084-081 004 000
080-078 019 531
077-069 021 533
068 004 000
067-062 010 521
061-059 001 401
058-052 009 522
051 008 523
050 010 521
049-043 010 521
042-040 021 533
039-016 020 532
015-007 010 521
006-002 001 401
001 001 534
000 001 401
0018
18 0004
obj 00010 -0001 18720 4200 slowr 05 03 05
obj 00010 -0001 18360 4201 slowr 05 03 05
obj 00010 -0001 18240 4001 spdx3 05 03 05
obj 00010 -0001 18040 4202 slowr 05 03 05
17 0004
obj -0010 -0001 17920 4203 slowr 05 03 05
obj -0010 -0001 17800 4300 jumpr 05 03 05
obj -0010 -0001 17720 4002 spdx3 05 03 05
obj -0010 -0001 17120 4003 spdx3 05 03 05
16 0004
obj -0010 -0001 16560 4301 jumpr 05 03 05
obj -0010 -0001 16480 4204 slowr 05 03 05
obj -0010 -0001 16440 4030 spdx2 05 03 05
obj -0010 -0001 16360 4004 spdx3 05 03 05
15 0004
obj -0010 -0001 15640 4031 spdx2 05 03 05
obj 00010 -0001 15200 4032 spdx2 05 03 05
obj 00010 -0001 15120 4205 slowr 05 03 05
obj 00010 -0001 15000 4302 jumpr 05 03 05
14 0002
obj 00010 -0001 14960 4033 spdx2 05 03 05
obj -0010 -0001 14160 4034 spdx2 05 03 05
13 0003
obj -0010 -0001 13880 4303 jumpr 05 03 05
obj -0010 -0001 13680 4005 spdx3 05 03 05
obj 00010 -0001 13440 4006 spdx3 05 03 05
12 0003
obj 00000 -0001 12680 4007 spdx3 05 03 05
obj -0010 -0001 12200 4206 slowr 05 03 05
obj 00000 -0001 12040 4207 slowr 05 03 05
11 0003
obj -0010 -0001 11720 4304 jumpr 05 03 05
obj -0015 -0001 11440 4305 jumpr 05 03 05
obj -0015 -0001 11400 4008 spdx3 05 03 05
10 0002
obj 00010 -0001 10760 4208 slowr 05 03 05
obj -0010 -0001 10000 4209 slowr 05 03 05
09 0004
obj 00000 -0001 09600 4009 spdx3 05 03 05
obj -0010 -0001 09360 4035 spdx2 05 03 05
obj 00000 -0001 09240 4036 spdx2 05 03 05
obj 00010 -0001 09000 4037 spdx2 05 03 05
08 0002
obj 00000 -0001 08640 4210 slowr 05 03 05
obj 00010 -0001 08280 4038 spdx2 05 03 05
06 0003
obj -0004 -0001 06480 4010 spdx3 05 03 05
obj 00004 -0001 06200 4011 spdx3 05 03 05
obj 00004 -0001 06080 4211 slowr 05 03 05
05 0005
obj 00000 -0001 05840 4039 spdx2 05 03 05
obj 00000 -0001 05680 4212 slowr 05 03 05
obj 00000 -0001 05480 4213 slowr 05 03 05
obj 00000 -0001 05280 4012 spdx3 05 03 05
obj -0010 -0001 05080 4040 spdx2 05 03 05
04 0003
obj -0010 -0001 04960 4214 slowr 05 03 05
obj 00004 -0001 04360 4215 slowr 05 03 05
obj 00004 -0001 04160 4041 spdx2 05 03 05
03 0004
obj 00004 -0001 03920 4042 spdx2 05 03 05
obj 00004 -0001 03880 4306 jumpr 05 03 05
obj 00012 -0001 03840 4307 jumpr 05 03 05
obj 00004 -0001 03200 4043 spdx2 05 03 05
02 0005
obj 00000 -0001 02680 4044 spdx2 05 03 05
obj 00000 -0001 02480 4308 jumpr 05 03 05
obj 00000 -0001 02440 4216 slowr 05 03 05
obj -0010 -0001 02400 4309 jumpr 05 03 05
obj 00010 -0001 02200 4045 spdx2 05 03 05
01 0001
obj -0015 -0001 01280 4217 slowr 05 03 05
00 0003
obj -0015 -0001 00960 4218 slowr 05 03 05
obj 00000 -0001 00520 4310 jumpr 05 03 05
obj 00000 -0001 00320 4311 jumpr 05 03 05
