WORKING
sfondo_sky.jpg
vortex 22
778
12.30
783 001 401
782 001 401
781 001 401
780-779 001 401
778 001 534
777 001 401
776-676 009 522
675-672 004 000
671-663 010 521
662-589 009 522
588-586 004 000
585-530 008 523
529-526 004 000
525-519 018 530
518-470 008 523
469-466 004 000
465-405 008 523
404-383 010 521
382-379 004 000
378-328 001 401
327-316 001 401
315-313 001 401
312-247 001 401
246-184 019 531
183-180 004 000
179-163 018 530
162-159 004 000
158-101 019 531
100-082 008 523
081-080 019 531
079-077 004 000
076-059 008 523
058-010 010 521
009-002 001 401
001 001 534
000 001 401
0031
30 0006
obj 00010 -0001 30920 4031 spdx2 05 03 05
obj 00010 -0001 30800 4032 spdx2 05 03 05
obj 00010 -0001 30600 4033 spdx2 05 03 05
obj 00010 -0001 30520 4034 spdx2 05 03 05
obj 00010 -0001 30160 4035 spdx2 05 03 05
obj 00010 -0001 30120 4036 spdx2 05 03 05
29 0005
obj 00010 -0001 29800 4037 spdx2 05 03 05
obj 00010 -0001 29680 4001 spdx3 05 03 05
obj 00010 -0001 29560 4038 spdx2 05 03 05
obj 00010 -0001 29280 4002 spdx3 05 03 05
obj 00010 -0001 29200 4039 spdx2 05 03 05
28 0002
obj 00010 -0001 28240 4040 spdx2 05 03 05
obj 00010 -0001 28120 4041 spdx2 05 03 05
27 0004
obj 00010 -0001 27880 4003 spdx3 05 03 05
obj 00010 -0001 27760 4042 spdx2 05 03 05
obj 00010 -0001 27400 4043 spdx2 05 03 05
obj 00010 -0001 27160 4044 spdx2 05 03 05
26 0007
obj 00000 -0001 26800 4045 spdx2 05 03 05
obj 00000 -0001 26600 4046 spdx2 05 03 05
obj 00000 -0001 26520 4047 spdx2 05 03 05
obj 00010 -0001 26400 4048 spdx2 05 03 05
obj 00010 -0001 26360 4004 spdx3 05 03 05
obj 00010 -0001 26120 4049 spdx2 05 03 05
obj 00010 -0001 26080 4005 spdx3 05 03 05
25 0007
obj 00010 -0001 25840 4050 spdx2 05 03 05
obj 00010 -0001 25520 4051 spdx2 05 03 05
obj 00010 -0001 25440 4052 spdx2 05 03 05
obj 00010 -0001 25200 4053 spdx2 05 03 05
obj 00010 -0001 25160 4006 spdx3 05 03 05
obj 00010 -0001 25040 4054 spdx2 05 03 05
obj 00010 -0001 25000 4055 spdx2 05 03 05
24 0004
obj 00010 -0001 24800 4056 spdx2 05 03 05
obj 00010 -0001 24560 4057 spdx2 05 03 05
obj 00010 -0001 24360 4058 spdx2 05 03 05
obj 00010 -0001 24120 4059 spdx2 05 03 05
23 0006
obj 00010 -0001 23960 4060 spdx2 05 03 05
obj 00010 -0001 23880 4061 spdx2 05 03 05
obj -0010 -0001 23400 4062 spdx2 05 03 05
obj -0010 -0001 23200 4063 spdx2 05 03 05
obj -0010 -0001 23160 4064 spdx2 05 03 05
obj -0010 -0001 23040 4065 spdx2 05 03 05
22 0004
obj -0010 -0001 22960 4007 spdx3 05 03 05
obj -0010 -0001 22440 4066 spdx2 05 03 05
obj -0010 -0001 22120 4067 spdx2 05 03 05
obj -0010 -0001 22000 4068 spdx2 05 03 05
21 0004
obj -0010 -0001 21960 4069 spdx2 05 03 05
obj -0010 -0001 21920 4070 spdx2 05 03 05
obj -0010 -0001 21600 4071 spdx2 05 03 05
obj -0010 -0001 21200 4072 spdx2 05 03 05
20 0005
obj -0004 -0001 20840 4073 spdx2 05 03 05
obj -0010 -0001 20360 4008 spdx3 05 03 05
obj -0010 -0001 20240 4074 spdx2 05 03 05
obj -0010 -0001 20120 4009 spdx3 05 03 05
obj -0010 -0001 20080 4075 spdx2 05 03 05
19 0004
obj -0010 -0001 19920 4076 spdx2 05 03 05
obj -0010 -0001 19880 4077 spdx2 05 03 05
obj -0010 -0001 19480 4078 spdx2 05 03 05
obj -0010 -0001 19200 4079 spdx2 05 03 05
18 0003
obj -0010 -0001 18400 4080 spdx2 05 03 05
obj -0010 -0001 18040 4081 spdx2 05 03 05
obj -0010 -0001 18000 4082 spdx2 05 03 05
17 0006
obj -0010 -0001 17960 4010 spdx3 05 03 05
obj -0010 -0001 17640 4083 spdx2 05 03 05
obj -0010 -0001 17400 4084 spdx2 05 03 05
obj -0010 -0001 17360 4085 spdx2 05 03 05
obj -0010 -0001 17240 4086 spdx2 05 03 05
obj -0010 -0001 17080 4011 spdx3 05 03 05
16 0005
obj -0010 -0001 16880 4087 spdx2 05 03 05
obj -0010 -0001 16720 4088 spdx2 05 03 05
obj -0010 -0001 16640 4089 spdx2 05 03 05
obj -0010 -0001 16400 4090 spdx2 05 03 05
obj -0010 -0001 16360 4091 spdx2 05 03 05
15 0003
obj 00000 -0001 15920 4012 spdx3 05 03 05
obj 00000 -0001 15880 4013 spdx3 05 03 05
obj 00000 -0001 15480 4092 spdx2 05 03 05
14 0004
obj -0010 -0001 14920 4093 spdx2 05 03 05
obj 00000 -0001 14440 4094 spdx2 05 03 05
obj 00010 -0001 14240 4095 spdx2 05 03 05
obj -0010 -0001 14200 4096 spdx2 05 03 05
13 0009
obj -0010 -0001 13920 4014 spdx3 05 03 05
obj 00000 -0001 13880 4015 spdx3 05 03 05
obj 00000 -0001 13760 4097 spdx2 05 03 05
obj -0010 -0001 13680 4016 spdx3 05 03 05
obj -0010 -0001 13560 4098 spdx2 05 03 05
obj 00010 -0001 13360 4099 spdx2 05 03 05
obj 00010 -0001 13200 4100 spdx2 05 03 05
obj 00010 -0001 13160 4101 spdx2 05 03 05
obj 00000 -0001 13040 4102 spdx2 05 03 05
12 0008
obj -0010 -0001 12920 4103 spdx2 05 03 05
obj 00000 -0001 12800 4104 spdx2 05 03 05
obj 00010 -0001 12600 4105 spdx2 05 03 05
obj -0010 -0001 12440 4106 spdx2 05 03 05
obj 00010 -0001 12360 4017 spdx3 05 03 05
obj 00010 -0001 12240 4018 spdx3 05 03 05
obj -0010 -0001 12200 4107 spdx2 05 03 05
obj -0010 -0001 12160 4108 spdx2 05 03 05
11 0004
obj -0010 -0001 11960 4109 spdx2 05 03 05
obj -0010 -0001 11800 4019 spdx3 05 03 05
obj 00000 -0001 11680 4110 spdx2 05 03 05
obj 00000 -0001 11320 4111 spdx2 05 03 05
10 0004
obj -0010 -0001 10840 4112 spdx2 05 03 05
obj -0010 -0001 10760 4113 spdx2 05 03 05
obj 00000 -0001 10680 4114 spdx2 05 03 05
obj -0010 -0001 10120 4115 spdx2 05 03 05
09 0005
obj 00010 -0001 09880 4020 spdx3 05 03 05
obj 00004 -0001 09840 4021 spdx3 05 03 05
obj 00004 -0001 09200 4022 spdx3 05 03 05
obj 00004 -0001 09160 4116 spdx2 05 03 05
obj 00004 -0001 09000 4117 spdx2 05 03 05
08 0004
obj 00004 -0001 08960 4023 spdx3 05 03 05
obj 00004 -0001 08880 4118 spdx2 05 03 05
obj 00004 -0001 08600 4024 spdx3 05 03 05
obj 00012 -0001 08240 4025 spdx3 05 03 05
07 0002
obj 00004 -0001 07880 4119 spdx2 05 03 05
obj 00004 -0001 07480 4120 spdx2 05 03 05
06 0004
obj -0004 -0001 06800 4121 spdx2 05 03 05
obj -0004 -0001 06760 4122 spdx2 05 03 05
obj -0012 -0001 06560 4123 spdx2 05 03 05
obj 00004 -0001 06240 4124 spdx2 05 03 05
05 0003
obj 00012 -0001 05960 4125 spdx2 05 03 05
obj 00004 -0001 05200 4126 spdx2 05 03 05
obj 00004 -0001 05160 4127 spdx2 05 03 05
04 0005
obj 00012 -0001 04600 4026 spdx3 05 03 05
obj 00004 -0001 04440 4027 spdx3 05 03 05
obj 00012 -0001 04360 4128 spdx2 05 03 05
obj 00004 -0001 04200 4129 spdx2 05 03 05
obj 00004 -0001 04040 4028 spdx3 05 03 05
03 0002
obj -0010 -0001 03640 4130 spdx2 05 03 05
obj 00004 -0001 03200 4131 spdx2 05 03 05
02 0004
obj -0010 -0001 02960 4029 spdx3 05 03 05
obj -0010 -0001 02520 4132 spdx2 05 03 05
obj 00000 -0001 02240 4030 spdx3 05 03 05
obj 00000 -0001 02200 4133 spdx2 05 03 05
01 0007
obj 00000 -0001 01920 4148 spdx2 05 03 05
obj 00000 -0001 01720 4134 spdx2 05 03 05
obj 00000 -0001 01600 4135 spdx2 05 03 05
obj 00000 -0001 01400 4147 spdx2 05 03 05
obj 00000 -0001 01360 4136 spdx2 05 03 05
obj 00000 -0001 01320 4137 spdx2 05 03 05
obj 00000 -0001 01080 4138 spdx2 05 03 05
00 0008
obj 00000 -0001 00840 4139 spdx2 05 03 05
obj 00000 -0001 00760 4146 spdx2 05 03 05
obj 00000 -0001 00640 4145 spdx2 05 03 05
obj 00000 -0001 00480 4140 spdx2 05 03 05
obj 00000 -0001 00280 4144 spdx2 05 03 05
obj 00000 -0001 00200 4141 spdx2 05 03 05
obj 00000 -0001 00120 4142 spdx2 05 03 05
obj 00000 -0001 00000 4143 spdx2 05 03 05
