WORKING
sfondo_red.jpg
vortex 22
681
12.30
687 001 401
686-682 001 401
681 001 534
680-679 001 401
678 009 522
677-663 014 526
662-655 008 523
654-640 010 521
639-636 004 000
635-633 010 521
632 012 524
631-575 013 525
574-534 008 523
533-463 010 521
462-442 015 527
441-416 013 525
415-383 015 527
382-380 004 000
379-357 001 401
356-335 019 531
334-330 010 521
329-289 009 522
288-276 009 522
275-259 013 525
258-236 018 530
235-176 013 525
175-168 021 533
167-164 010 521
163-154 001 401
153-149 019 531
148-137 019 531
136-119 018 530
118-062 008 523
061-041 012 524
040-039 017 529
038-014 017 529
013-002 001 401
001 001 534
000 001 401
0027
26 0003
obj 00005 -0001 26880 4001 spdx3 05 03 05
obj 00005 -0001 26760 4002 spdx3 05 03 05
obj -0010 -0001 26440 4031 spdx2 05 03 05
25 0002
obj 00000 -0001 25760 4032 spdx2 05 03 05
obj -0005 -0001 25200 4003 spdx3 05 03 05
24 0001
obj -0005 -0001 24840 4004 spdx3 05 03 05
23 0005
obj -0005 -0001 23920 4033 spdx2 05 03 05
obj -0005 -0001 23680 4034 spdx2 05 03 05
obj -0005 -0001 23600 4005 spdx3 05 03 05
obj -0005 -0001 23360 4006 spdx3 05 03 05
obj -0005 -0001 23200 4035 spdx2 05 03 05
22 0003
obj -0010 -0001 22480 4036 spdx2 05 03 05
obj -0010 -0001 22160 4037 spdx2 05 03 05
obj -0010 -0001 22080 4007 spdx3 05 03 05
21 0002
obj -0010 -0001 21800 4038 spdx2 05 03 05
obj 00000 -0001 21120 4039 spdx2 05 03 05
20 0006
obj 00000 -0001 20880 4040 spdx2 05 03 05
obj 00000 -0001 20640 4041 spdx2 05 03 05
obj 00000 -0001 20480 4042 spdx2 05 03 05
obj 00000 -0001 20360 4008 spdx3 05 03 05
obj 00000 -0001 20120 4043 spdx2 05 03 05
obj 00000 -0001 20080 4044 spdx2 05 03 05
19 0002
obj 00000 -0001 19720 4009 spdx3 05 03 05
obj 00000 -0001 19200 4045 spdx2 05 03 05
18 0001
obj 00000 -0001 18920 4010 spdx3 05 03 05
17 0003
obj 00015 -0001 17840 4046 spdx2 05 03 05
obj -0005 -0001 17360 4047 spdx2 05 03 05
obj -0005 -0001 17280 4048 spdx2 05 03 05
16 0002
obj -0005 -0001 16960 4011 spdx3 05 03 05
obj 00015 -0001 16400 4049 spdx2 05 03 05
15 0004
obj 00015 -0001 15960 4050 spdx2 05 03 05
obj 00015 -0001 15920 4051 spdx2 05 03 05
obj -0010 -0001 15080 4052 spdx2 05 03 05
obj 00010 -0001 15000 4012 spdx3 05 03 05
14 0001
obj 00010 -0001 14440 4053 spdx2 05 03 05
13 0001
obj 00004 -0001 13760 4054 spdx2 05 03 05
12 0003
obj 00010 -0001 12440 4055 spdx2 05 03 05
obj 00010 -0001 12320 4056 spdx2 05 03 05
obj 00010 -0001 12120 4013 spdx3 05 03 05
11 0001
obj 00010 -0001 11680 4014 spdx3 05 03 05
10 0004
obj -0005 -0001 10880 4057 spdx2 05 03 05
obj -0005 -0001 10520 4058 spdx2 05 03 05
obj -0012 -0001 10280 4059 spdx2 05 03 05
obj -0004 -0001 10120 4060 spdx2 05 03 05
09 0001
obj -0012 -0001 09560 4061 spdx2 05 03 05
08 0007
obj -0005 -0001 08880 4015 spdx3 05 03 05
obj -0005 -0001 08760 4062 spdx2 05 03 05
obj -0005 -0001 08480 4016 spdx3 05 03 05
obj -0005 -0001 08400 4063 spdx2 05 03 05
obj -0005 -0001 08360 4064 spdx2 05 03 05
obj -0005 -0001 08160 4065 spdx2 05 03 05
obj -0005 -0001 08120 4066 spdx2 05 03 05
07 0004
obj -0005 -0001 07520 4067 spdx2 05 03 05
obj -0005 -0001 07480 4068 spdx2 05 03 05
obj -0005 -0001 07160 4069 spdx2 05 03 05
obj -0005 -0001 07040 4070 spdx2 05 03 05
06 0002
obj -0010 -0001 06880 4071 spdx2 05 03 05
obj 00000 -0001 06600 4072 spdx2 05 03 05
05 0001
obj 00012 -0001 05520 4017 spdx3 05 03 05
04 0006
obj -0004 -0001 04920 4018 spdx3 05 03 05
obj -0010 -0001 04560 4073 spdx2 05 03 05
obj -0010 -0001 04520 4074 spdx2 05 03 05
obj -0010 -0001 04360 4075 spdx2 05 03 05
obj -0010 -0001 04120 4076 spdx2 05 03 05
obj -0010 -0001 04040 4077 spdx2 05 03 05
03 0002
obj -0010 -0001 03800 4078 spdx2 05 03 05
obj -0010 -0001 03680 4079 spdx2 05 03 05
02 0004
obj -0010 -0001 02840 4080 spdx2 05 03 05
obj -0010 -0001 02760 4019 spdx3 05 03 05
obj -0010 -0001 02680 4081 spdx2 05 03 05
obj -0015 -0001 02120 4082 spdx2 05 03 05
01 0001
obj -0005 -0001 01200 4083 spdx2 05 03 05
00 0003
obj -0005 -0001 00960 4084 spdx2 05 03 05
obj -0005 -0001 00440 4085 spdx2 05 03 05
obj 00015 -0001 00200 4086 spdx2 05 03 05
